sites	dNdS
0	0.1932
1	0.1834
2	0.6069
3	0.2539
4	0.3623
5	0.0427
6	0.3476
7	0.0075
8	0.0324
9	0.0692
10	0.0095
11	0.1325
12	0.0197
13	0.1212
14	0.0089
15	0.0473
16	0.5200
17	0.6988
18	0.0087
19	0.0578
20	0.4905
21	0.0077
22	0.0138
23	0.0966
24	0.6392
25	0.0072
26	0.0553
27	0.1177
28	0.3435
29	0.7172
30	0.0885
31	0.0046
32	0.0117
33	0.7190
34	0.0104
35	0.0048
36	0.0183
37	0.1093
38	0.5257
39	0.1316
40	0.0055
41	0.0091
42	0.0484
43	0.0022
44	0.0110
45	0.0025
46	0.0078
47	0.0079
48	0.0106
49	0.0053
50	0.0085
51	0.0062
52	0.0082
53	0.0854
54	0.1809
55	0.0099
56	0.0069
57	0.0088
58	0.0088
59	0.1417
60	0.0079
61	0.0138
62	0.0118
63	0.0016
64	0.1730
65	0.0238
66	0.0034
67	0.0055
68	0.0061
69	0.1248
70	0.0103
71	0.0441
72	0.0284
73	0.0059
74	0.0120
75	0.0068
76	0.0262
77	0.0056
78	0.0113
79	0.0099
80	0.0072
81	0.4292
82	0.1047
83	0.0080
84	0.5309
85	0.2239
86	0.0394
87	0.0453
88	0.0152
89	0.4753
90	0.0262
91	0.3749
92	0.1578
93	0.0105
94	0.0134
95	0.0046
96	0.0596
97	0.0130
98	0.0076
99	0.7420
100	0.0703
101	0.0034
102	0.0040
103	0.3891
104	0.0259
105	0.6400
106	0.0766
107	0.0069
108	0.0306
109	0.3956
110	0.0854
111	0.2816
112	0.2488
113	0.4556
114	0.3517
115	0.3198
116	0.7060
117	0.0066
118	0.4672
119	0.2215
120	0.1119
121	0.4903
122	0.3030
123	0.1165
124	0.1534
125	0.0067
126	0.2093
127	0.3980
128	0.0067
129	0.0793
130	0.0244
131	0.0131
132	0.0462
133	0.2254
134	0.0371
135	0.2460
136	0.0055
137	0.0129
138	0.0476
139	0.1374
140	0.0032
141	0.0048
142	0.2403
143	0.1182
144	0.0058
145	0.0292
146	0.3311
147	0.0050
148	0.1835
149	0.1770
150	0.2643
151	0.3843
152	0.2662
153	0.3994
154	0.1658
155	0.3397
156	0.4027
157	0.0062
158	0.1686
159	0.3088
160	0.1221
161	0.0067
162	0.1660
163	0.3936
164	0.3980
165	0.5738
166	0.4629
167	0.3441
168	0.3067
169	0.5615
170	0.2258
171	0.5304
172	0.7378
173	0.0646
174	0.4724
175	0.2984
176	0.2847
177	0.1657
178	0.3627
179	0.8459
180	0.3633
181	0.2401
182	0.1187
183	0.2611
184	0.2140
185	0.8482
186	0.7377
187	0.0681
188	0.8923
189	0.4285
190	0.1474
191	0.2212
192	0.0048
193	0.5257
194	0.1812
195	0.1545
196	0.4213
197	0.2466
198	0.4130
199	0.2468
200	0.3042
201	0.2449
202	0.2304
203	0.7194
204	1.1225
205	0.2833
206	0.0779
207	0.7708
208	0.5905
209	0.0519
210	0.1048
211	0.2479
212	0.3077
213	0.2132
214	0.5037
215	0.7256
216	0.2755
217	0.4830
218	0.4142
219	0.3040
220	0.1948
221	0.1774
222	0.4809
223	0.8271
224	0.2599
225	0.7088
226	0.2486
227	0.5986
228	0.1726
229	0.0922
230	0.4828
231	0.3930
232	0.1295
233	0.5049
234	0.1296
235	0.0441
236	0.7449
237	0.5859
238	0.6362
239	0.9351
240	0.5036
241	0.2639
242	0.4633
243	0.7918
244	0.6507
245	0.6450
246	0.6010
247	0.6205
248	0.8199
249	0.5580
250	0.3928
251	0.5889
252	0.5398
253	0.5822
254	0.6253
255	0.4458
256	0.5112
257	0.7669
258	0.5785
259	0.7057
260	0.4129
261	0.3868
262	0.6520
263	0.6465
264	0.5466
265	0.3123
266	0.2470
267	0.3872
268	0.0544
269	0.6773
270	0.3950
271	0.1099
272	0.4246
273	0.4359
274	0.3140
275	0.0231
276	0.1938
277	0.2205
278	0.0824
279	0.6502
280	0.6063
281	0.1385
282	0.0139
283	0.6221
284	0.2677
285	0.0271
286	0.0712
287	0.1363
288	0.1812
289	0.5544
290	0.1301
291	1.8079
292	0.1770
293	0.0335
294	0.6318
295	0.5223
296	0.3147
297	0.0683
298	0.1131
299	0.0901
300	0.2912
301	0.5126
302	0.1580
303	0.1830
304	0.3584
305	0.1275
306	0.7090
307	0.2971
308	0.3067
309	0.0171
310	0.6744
311	0.8896
312	0.9321
313	0.0083
314	0.5428
315	0.1340
316	0.1508
317	0.2857
318	0.2801
319	0.5019
320	0.5647
321	0.5089
322	0.2808
323	0.5631
324	0.2460
325	0.4027
326	0.1096
327	0.0372
328	0.3227
329	0.2806
330	0.3971
331	0.1008
332	0.5798
333	0.4477
334	0.1996
335	0.7063
336	1.9817
337	1.2897
338	0.4509
339	0.2592
340	0.0056
341	0.1177
342	0.9394
343	0.2292
344	0.1003
345	0.1734
346	0.1848
347	0.0078
348	0.4600
349	0.3204
350	0.1861
351	0.0684
352	0.3254
353	0.6085
354	0.0980
355	0.0699
356	0.3631
357	0.4141
358	0.0369
359	0.0899
360	0.3219
361	0.1745
362	0.2773
363	0.3639
364	0.2252
365	0.3520
366	0.5407
367	0.3510
368	0.1681
369	0.2502
370	0.2098
371	0.4061
372	0.0568
373	0.0540
374	0.1148
375	0.3946
376	0.4321
377	0.5313
378	0.1915
379	0.0721
380	0.3683
381	0.5876
382	0.2146
383	0.3713
384	0.0477
385	0.3272
386	0.0068
387	0.2894
388	0.2394
389	0.1699
390	0.0832
391	0.3055
392	0.6676
393	0.0898
394	0.1086
395	1.0401
396	0.3190
397	0.6004
398	0.3700
399	0.2359
400	0.4715
401	0.1642
402	0.3395
403	0.0902
404	0.6110
405	0.3628
406	0.4537
407	0.4051
408	0.3689
409	0.4728
410	0.1765
411	0.5098
412	0.3495
413	0.0357
414	0.0554
415	1.2977
416	0.4503
417	0.1735
418	0.6687
419	0.2521
420	0.2941
421	0.0067
422	0.2204
423	0.1577
424	0.0043
425	0.0050
426	1.1577
427	0.0086
428	0.0077
429	0.3388
430	0.2206
431	0.0548
432	0.0063
433	0.2908
434	0.0543
435	0.0017
436	0.1338
437	0.1393
438	0.0059
439	0.0499
440	0.9356
441	0.0442
442	0.0077
443	0.2675
444	0.3273
445	0.0578
446	0.9036
447	0.3530
448	0.0036
449	0.1402
450	0.3548
451	0.0437
452	0.0089
453	0.1293
454	0.1212
455	0.1873
456	0.0839
457	0.0136
458	0.0391
459	0.1630
460	0.0373
461	0.0261
462	0.3092
463	0.3437
464	0.4914
465	0.7322
466	0.0050
467	0.1895
468	0.0628
469	0.0426
470	0.3337
471	0.1355
472	0.0360
473	1.9420
474	0.2613
475	0.1274
476	0.5177
477	0.1331
478	0.1329
479	0.4768
480	0.5129
481	0.3782
482	0.5770
483	0.4118
484	0.3929
485	0.5276
486	0.4234
487	0.0974
488	0.3554
489	0.6972
490	0.2291
491	0.8074
492	0.0517
493	0.3361
494	0.2907
495	0.4541
496	0.0046
497	0.5120
498	0.4134
499	0.3418
500	0.1691
501	0.7920
502	0.7734
503	0.0714
504	0.8750
505	0.2237
506	0.7136
507	0.0656
508	0.5311
509	0.6488
510	0.1377
511	0.5676
512	0.7194
513	0.1300
514	0.4027
515	0.5618
516	0.2731
517	0.5040
518	0.3547
519	0.7215
520	0.1792
521	0.5633
522	0.0824
523	0.7130
524	0.1946
525	0.4252
526	0.1581
527	0.0580
528	0.2583
529	0.8449
530	0.4541
531	0.2457
532	0.2599
533	0.1013
534	0.2621
535	0.3496
536	0.2488
537	0.0703
538	0.4282
539	0.5619
540	0.1073
541	0.2278
542	0.5887
543	0.4512
544	0.6603
545	0.2523
546	0.2325
547	0.3043
548	0.1635
549	0.4293
550	0.1989
551	0.1009
552	0.2453
553	0.7559
554	0.3246
555	0.0347
556	0.3785
557	0.6139
558	0.0060
559	0.6180
560	0.0352
561	0.1442
562	0.3943
563	0.5919
564	0.0026
565	0.1293
566	0.2704
567	0.0771
568	0.0089
569	0.1373
570	0.0026
571	0.0058
572	0.0530
573	0.0860
574	0.1446
575	0.0105
576	0.1982
577	0.0659
578	0.1826
579	0.0734
580	0.1393
581	0.2376
582	0.0052
583	0.1813
584	0.2274
585	0.6611
586	0.5775
587	0.1297
588	0.3252
589	0.3729
590	0.2061
591	0.3659
592	0.3454
593	0.7372
594	0.2409
595	0.4280
596	0.6419
597	0.3232
598	0.7364
599	0.2936
600	0.2898
601	0.5156
602	0.5266
603	0.0957
604	0.6105
605	0.6152
606	0.1511
607	0.6903
608	0.1818
609	0.1254
610	0.1768
611	0.1421
612	0.0120
613	0.1944
614	0.1744
615	0.1131
616	0.1410
617	0.2552
618	0.1370
619	0.6796
620	0.0810
621	0.1772
622	0.1080
623	0.1045
624	0.1742
625	0.0359
626	0.1351
627	0.0476
628	0.1964
629	0.2981
630	0.2913
631	0.1837
632	0.0122
633	0.4748
634	0.3914
635	0.0746
636	0.2048
637	0.0067
638	0.0866
639	0.5661
640	0.3051
641	0.1310
642	0.4677
643	0.1421
644	0.0109
645	0.9324
646	0.1026
647	0.5532
648	0.6037
649	0.2890
650	0.6132
651	0.2735
652	0.3614
653	0.1350
654	0.1431
655	0.3439
656	0.2100
657	0.9597
658	0.0075
659	0.2178
660	0.8583
661	0.2765
662	0.3597
663	0.3006
664	0.4225
665	0.0121
666	0.3294
667	0.9563
668	0.1371
669	0.3384
670	0.3202
671	0.7361
672	0.0801
673	0.4627
674	0.1348
675	0.3044
676	0.1106
677	0.6151
678	0.5246
679	0.0480
680	0.1680
681	0.2563
682	0.6354
683	0.0523
684	1.3709
685	0.3906
686	0.4676
687	0.1034
688	0.0950
689	0.3296
690	0.2334
691	0.0557
692	0.1814
693	0.2844
694	1.0313
695	0.3529
696	0.1637
697	0.3724
698	0.1188
699	0.4380
700	0.1829
701	0.7923
702	0.3308
703	0.5435
704	0.1552
705	0.1184
706	0.1424
707	0.3156
708	0.2222
709	0.1037
710	0.0713
711	0.0423
712	0.0340
713	0.2188
714	0.0057
715	0.2135
716	0.0050
717	0.1974
718	0.4783
719	0.2179
720	0.3155
721	0.0427
722	0.6222
723	0.5104
724	0.1135
725	0.0416
726	0.7580
727	0.3543
728	0.5546
729	0.1245
730	0.0600
731	0.1833
732	0.9223
733	0.7341
734	0.0462
735	0.2049
736	0.4067
737	0.0443
738	0.0309
739	0.2938
740	0.1472
741	0.9899
742	0.4494
743	1.1968
744	0.6667
745	0.0056
746	0.5810
747	0.2196
748	0.3024
749	0.6732
750	0.0976
751	0.1846
752	0.4612
753	0.7156
754	0.7534
755	0.1013
756	1.7278
757	0.0601
758	0.5202
759	0.4833
760	0.3000
761	0.1895
762	0.6919
763	0.6421
764	0.5563
765	0.2027
766	0.0090
767	0.4694
768	0.4205
769	0.3831
770	0.4316
771	1.1378
772	0.5150
773	0.0045
774	0.5239
775	0.2316
776	0.3829
777	0.3083
778	0.0997
779	0.5552
780	0.8852
781	0.7519
782	1.4688
783	0.0467
784	0.0792
785	0.5514
786	0.0059
787	0.3849
788	0.2477
789	0.5112
790	0.0069
791	0.2770
792	0.6026
793	0.4771
794	0.0439
795	0.5099
796	0.0111
797	0.1710
798	0.1121
799	0.4797
800	0.0941
801	0.0046
802	0.6067
803	0.3543
804	0.1842
805	0.4751
806	1.5563
807	0.6561
808	1.2318
809	0.0702
810	0.1026
811	0.4384
812	0.2785
813	0.4601
814	0.6961
815	0.0627
816	0.1691
817	0.4495
818	0.1893
819	0.2825
820	0.6679
821	1.0949
822	0.0725
823	0.0855
824	0.3362
825	0.4401
826	0.0424
827	0.1824
828	0.0589
829	0.5917
830	0.0645
831	0.0070
832	0.1542
833	0.1025
834	0.0454
835	0.0056
836	0.0089
837	0.2336
838	0.2038
839	0.0812
840	0.0080
841	0.1649
842	0.2427
843	0.0040
844	0.0036
845	0.0029
846	0.0069
847	0.0098
848	0.0025
849	0.0057
850	0.0070
851	0.0085
852	0.1587
853	0.0132
854	0.0085
855	0.0051
856	0.0088
857	0.0074
858	0.0567
859	0.0049
860	0.0047
861	0.0025
862	0.0032
863	0.0116
864	0.0082
865	0.0053
866	0.0045
867	0.0021
868	0.0097
869	0.0455
870	0.0474
871	0.1714
872	0.1211
873	0.0744
874	0.0624
875	0.1470
876	0.1570
877	0.0781
878	0.0391
879	0.5305
880	0.0256
881	0.2192
882	0.6007
883	0.2734
884	0.0051
885	0.2148
886	0.0382
887	0.0039
888	0.2046
889	0.0285
890	0.0979
891	0.0030
892	0.1773
893	0.0567
894	0.0265
895	0.1700
896	0.0072
897	0.0083
898	0.0069
899	0.1273
900	0.0060
901	0.0199
902	0.2364
903	0.0016
904	0.0826
905	0.1608
906	0.6539
907	0.0109
908	0.0018
909	0.0031
910	0.0085
911	0.0045
912	0.0252
913	0.1601
914	0.0738
915	0.0207
916	0.3392
917	0.8916
918	0.1643
919	0.6056
920	0.2822
921	0.9676
922	0.1170
923	0.1114
924	0.0042
925	0.0126
926	0.0059
927	0.0028
928	0.1278
929	0.0925
930	0.0032
931	0.3262
932	0.7270
933	0.1340
934	0.2840
935	0.2327
936	0.4216
937	0.4267
938	0.0041
939	0.0597
940	0.1869
941	0.0335
942	0.6347
943	0.4501
944	0.0427
945	0.6265
946	0.4251
947	0.5454
948	0.1808
949	0.3841
950	0.1710
951	0.7457
952	0.2891
953	0.1193
954	0.1049
955	0.4490
956	1.2472
957	0.2375
958	1.0874
959	0.1402
960	0.3262
961	0.0040
962	0.0108
963	0.0028
964	0.1195
965	0.4183
966	0.0006
967	0.0070
968	0.0168
969	0.0269
970	0.0052
971	0.0034
972	0.0049
973	0.0042
974	0.0041
975	0.0022
976	0.1579
977	0.0710
978	0.0902
979	0.0849
980	0.0736
981	0.2940
982	0.0544
983	0.0090
984	0.1710
985	0.0560
986	0.0176
987	0.0686
988	0.0053
989	0.2457
990	0.1325
991	0.1735
992	0.2761
993	0.0747
994	0.1202
995	0.3097
996	0.7230
997	0.2176
998	0.4917
