Sites	Ll	Ll_YN98.omega_1=0.142657	Ll_YN98.omega_1=1	Ll_YN98.omega_1=1.8862	Pr_YN98.omega_1=0.142657	Pr_YN98.omega_1=1	Pr_YN98.omega_1=1.8862	mean
205	-91.8636	-91.4619	-102.221	-118.618	0.99999	1.02186e-05	2.16225e-14	0.142665
206	-73.5122	-73.1104	-86.2542	-105.118	0.999999	9.41605e-07	1.69043e-16	0.142657
207	-161.603	-182.358	-160.469	-166.942	6.48054e-10	0.999957	4.31946e-05	1.00004
208	-168.159	-185.18	-167.025	-176.014	2.71172e-08	0.999996	3.48881e-06	1
209	-171.297	-179.319	-170.164	-179.511	0.000219531	0.999778	2.43702e-06	0.999814
210	-32.1746	-31.7729	-53.9854	-76.5057	1	1.08493e-10	5.02716e-22	0.142657
211	-82.7418	-82.3436	-87.2446	-104.593	0.996434	0.0035655	2.91307e-12	0.145713
212	-31.0181	-30.6164	-49.6676	-68.2716	1	2.56044e-09	5.95806e-19	0.142657
213	-71.546	-71.1442	-92.0004	-112.971	1	4.21155e-10	9.19588e-21	0.142657
214	-28.8267	-28.425	-45.4158	-63.2907	1	2.00965e-08	9.69579e-18	0.142657
215	-46.705	-46.3032	-64.7936	-82.7393	1	4.48633e-09	2.01646e-18	0.142657
216	-49.9379	-49.5362	-69.6009	-92.8388	1	9.29304e-10	2.10124e-21	0.142657
217	-27.4556	-27.0538	-54.866	-81.4325	1	4.01299e-13	3.25235e-26	0.142657
218	-180.054	-179.758	-181.22	-192.596	0.899699	0.100301	3.21355e-08	0.228649
219	-37.3499	-36.9481	-57.3508	-77.2785	1	6.6284e-10	4.10494e-20	0.142657
220	-82.9412	-82.5395	-95.5381	-109.308	0.999999	1.08875e-06	3.18417e-14	0.142658
221	-33.2052	-32.8035	-42.6162	-55.029	0.999974	2.63336e-05	2.99294e-12	0.142679
227	-40.7212	-40.3194	-53.4501	-70.2935	0.999999	9.54013e-07	1.29111e-15	0.142657
228	-85.5889	-85.1871	-105.037	-123.697	1	1.15235e-09	2.5344e-19	0.142657
229	-45.6453	-45.2436	-68.0835	-91.236	1	5.79305e-11	1.42661e-22	0.142657
230	-130.829	-135.872	-129.7	-137.833	0.00431954	0.995672	8.17446e-06	0.996304
231	-42.1743	-41.7725	-59.7314	-77.4695	1	7.63338e-09	4.22224e-18	0.142657
232	-52.1982	-51.7965	-64.2583	-76.5145	0.999998	1.86219e-06	2.47547e-13	0.142658
233	-46.8613	-46.4596	-66.2115	-89.0686	1	1.27061e-09	4.20414e-21	0.142657
234	-116.166	-127.845	-115.032	-122.782	5.6677e-06	0.999982	1.20391e-05	1.00001
235	-38.598	-38.1962	-55.9677	-73.4612	1	9.20628e-09	6.50358e-18	0.142657
236	-33.2368	-32.8351	-47.9827	-64.4635	1	1.26945e-07	2.46895e-16	0.142657
237	-80.5645	-80.1628	-91.8713	-110.588	0.999996	3.95573e-06	8.22475e-16	0.14266
238	-48.7662	-48.3644	-57.9861	-72.6308	0.999968	3.18802e-05	3.88864e-13	0.142684
239	-173.464	-197.062	-172.332	-175.098	3.77778e-11	0.998244	0.00175602	1.00156
240	-60.4945	-60.0928	-76.2096	-94.3236	1	4.81634e-08	1.82939e-17	0.142657
241	-55.1528	-54.751	-75.4	-95.2754	1	5.18083e-10	3.38095e-20	0.142657
242	-61.5173	-61.1155	-84.1106	-105.444	1	4.96058e-11	7.53216e-22	0.142657
243	-78.5373	-78.1405	-82.73	-100.857	0.995138	0.00486186	1.82227e-12	0.146825
244	-85.4888	-85.087	-103.527	-121.248	1	4.71664e-09	2.65368e-18	0.142657
245	-60.9348	-60.533	-80.8216	-100.622	1	7.42925e-10	5.22426e-20	0.142657
246	-21.155	-20.7533	-47.6967	-73.5246	1	9.56689e-13	1.62269e-25	0.142657
247	-45.2158	-44.8141	-64.4338	-87.1339	1	1.45019e-09	5.61429e-21	0.142657
248	-74.7366	-74.3349	-85.6151	-105.327	0.999994	6.07029e-06	4.66294e-16	0.142662
249	-52.45	-52.0483	-67.9103	-89.5527	1	6.21353e-08	6.92755e-19	0.142657
250	-61.1933	-60.7915	-75.2683	-89.3761	1	2.48298e-07	5.18112e-15	0.142657
251	-33.4679	-33.0662	-54.9357	-76.0161	1	1.52879e-10	2.98974e-21	0.142657
252	-30.6784	-30.2767	-52.1755	-74.5124	1	1.48466e-10	8.26496e-22	0.142657
253	-33.0698	-32.668	-50.4046	-68.1472	1	9.53311e-09	5.24999e-18	0.142657
254	-56.7793	-56.3775	-75.3028	-93.5446	1	2.90403e-09	9.70753e-19	0.142657
255	-79.8748	-79.473	-96.281	-112.868	1	2.41288e-08	4.21801e-17	0.142657
256	-39.7953	-39.3936	-57.2874	-74.7828	1	8.14606e-09	5.74387e-18	0.142657
257	-54.3039	-53.9021	-72.2411	-89.9826	1	5.21991e-09	2.87749e-18	0.142657
258	-27.0814	-26.6796	-51.2202	-74.7139	1	1.05757e-11	1.85163e-23	0.142657
259	-38.4044	-38.0026	-52.9064	-67.7367	1	1.62003e-07	1.64131e-15	0.142657
260	-54.7254	-54.3237	-77.4576	-99.6027	1	4.31748e-11	2.91141e-22	0.142657
261	-75.8998	-75.498	-92.5931	-109.141	1	1.8107e-08	3.29358e-17	0.142657
262	-36.0931	-35.6913	-50.5073	-65.1145	1	1.76871e-07	2.23995e-15	0.142657
317	-69.6846	-69.2828	-88.0058	-109.431	1	3.5552e-09	4.92373e-20	0.142657
318	-79.0331	-78.632	-85.1228	-94.9202	0.999271	0.000729359	1.13335e-09	0.143282
319	-88.0054	-87.6037	-104.95	-121.563	1	1.40914e-08	2.40103e-17	0.142657
320	-71.2856	-70.8838	-88.5488	-105.96	1	1.02405e-08	7.8563e-18	0.142657
321	-68.2615	-67.8597	-86.2053	-103.866	1	5.18506e-09	3.09976e-18	0.142657
322	-63.6356	-63.2339	-82.9526	-101.79	1	1.31343e-09	2.41977e-19	0.142657
323	-55.8465	-55.4448	-66.8381	-81.9424	0.999995	5.42096e-06	4.17606e-14	0.142661
324	-78.9434	-78.5416	-94.6206	-110.104	1	5.00182e-08	2.63656e-16	0.142657
325	-44.0594	-43.6576	-60.0235	-75.9866	1	3.75433e-08	1.22536e-16	0.142657
326	-66.4607	-66.0589	-85.5097	-103.901	1	1.7171e-09	4.94431e-19	0.142657
327	-45.7601	-45.3583	-64.0505	-82.5881	1	3.66665e-09	9.11728e-19	0.142657
328	-88.6707	-88.2689	-97.5309	-113.791	0.999954	4.56785e-05	1.10829e-13	0.142696
329	-30.4515	-30.0498	-52.2063	-73.366	1	1.14738e-10	2.07272e-21	0.142657
330	-45.054	-44.6522	-64.9266	-84.8459	1	7.53517e-10	4.70595e-20	0.142657
331	-70.2922	-69.8904	-93.3322	-115.905	1	3.17351e-11	1.39588e-22	0.142657
332	-59.6652	-59.2634	-73.6952	-87.8497	1	2.59734e-07	5.17226e-15	0.142657
333	-71.9642	-71.5625	-88.097	-108.958	1	3.17177e-08	7.72817e-19	0.142657
334	-28.0119	-27.6101	-53.2365	-77.7456	1	3.57076e-12	2.26456e-24	0.142657
335	-12.7313	-12.3295	-31.4977	-50.2273	1	2.27782e-09	4.67464e-19	0.142657
336	-78.7074	-78.3057	-97.256	-116.345	1	2.8323e-09	4.05786e-19	0.142657
337	-78.5211	-78.1194	-93.9719	-109.197	1	6.27298e-08	4.28112e-16	0.142657
338	-70.6011	-70.1993	-88.2551	-105.606	1	6.92817e-09	5.64569e-18	0.142657
339	-33.1918	-32.7901	-59.4035	-84.9195	1	1.33078e-12	3.08356e-25	0.142657
340	-46.5258	-46.1241	-72.9549	-97.5248	1	1.07076e-12	6.39019e-25	0.142657
341	-60.9453	-60.5435	-71.6304	-82.6004	0.999993	7.36486e-06	3.54292e-12	0.142663
342	-23.4211	-23.0193	-42.1415	-60.8171	1	2.38495e-09	5.16625e-19	0.142657
343	-20.533	-20.1312	-38.8357	-57.1198	1	3.62175e-09	1.16038e-18	0.142657
344	-33.2841	-32.8824	-54.4148	-75.6817	1	2.14156e-10	3.47575e-21	0.142657
345	-35.9516	-35.5498	-50.2672	-71.0715	1	1.95184e-07	5.03115e-18	0.142657
346	-15.3968	-14.9951	-44.5454	-74.1244	1	7.05676e-14	2.81182e-28	0.142657
347	-34.1585	-33.7567	-58.8777	-83.273	1	5.91884e-12	4.20629e-24	0.142657
348	-95.4248	-95.0307	-99.1725	-115.697	0.992413	0.00758711	1.41267e-11	0.149161
349	-37.4888	-37.087	-50.4248	-66.2599	0.999999	7.75593e-07	2.87705e-15	0.142657
350	-51.0016	-50.5998	-73.5266	-96.7315	1	5.31108e-11	1.24115e-22	0.142657
351	-29.5384	-29.1367	-56.3778	-81.3713	1	7.10375e-13	2.77567e-25	0.142657
439	-32.2902	-31.8884	-54.8833	-77.0615	1	4.96123e-11	3.23679e-22	0.142657
470	-167.754	-185.211	-166.62	-174.656	1.75465e-08	0.999991	9.05048e-06	1.00001
471	-7.43404	-7.03228	-23.1819	-39.3562	1	4.661e-08	1.23152e-16	0.142657
472	-80.8851	-80.5984	-81.9711	-93.5768	0.891347	0.108653	2.76782e-08	0.235809
473	-87.764	-87.3622	-100.991	-119.348	0.999999	5.79469e-07	1.72741e-16	0.142657
474	-66.6627	-66.2609	-89.521	-111.132	1	3.80562e-11	4.37796e-22	0.142657
475	-25.6414	-25.2397	-50.2342	-74.5704	1	6.71699e-12	5.06382e-24	0.142657
476	-102.083	-101.681	-114.285	-126.582	0.999998	1.61548e-06	2.0602e-13	0.142658
477	-52.7868	-52.3851	-73.2638	-96.0741	1	4.1176e-10	1.42768e-21	0.142657
478	-36.0569	-35.6552	-59.9644	-83.4409	1	1.33284e-11	2.37397e-23	0.142657
479	-38.0001	-37.5983	-62.9703	-87.5506	1	4.60505e-12	2.72001e-24	0.142657
480	-54.8919	-54.4901	-68.2964	-92.6981	1	4.8545e-07	3.42797e-19	0.142657
481	-39.7384	-39.3366	-60.6051	-83.8245	1	2.78842e-10	6.42299e-22	0.142657
482	-70.1429	-69.7412	-90.1879	-110.246	1	6.3421e-10	3.44855e-20	0.142657
483	-77.5114	-77.1097	-91.3595	-105.325	1	3.11551e-07	7.49658e-15	0.142657
484	-48.9458	-48.544	-65.6938	-87.1873	1	1.71436e-08	2.21816e-19	0.142657
485	-19.4891	-19.0873	-45.3492	-70.7657	1	1.89122e-12	4.84083e-25	0.142657
486	-94.6279	-97.0253	-93.557	-108.995	0.0608606	0.939139	5.17992e-09	0.947822
487	-51.1041	-50.7024	-64.9428	-82.8099	1	3.14496e-07	1.52913e-16	0.142657
488	-65.1919	-64.7901	-82.2687	-99.1804	1	1.23398e-08	1.55978e-17	0.142657
489	-12.8159	-12.4141	-31.7719	-50.716	1	1.88431e-09	3.12066e-19	0.142657
490	-69.1201	-68.7184	-78.5037	-93.8746	0.999973	2.70656e-05	1.59713e-13	0.14268
491	-47.9198	-47.518	-61.6743	-78.0905	1	3.42108e-07	7.09773e-16	0.142657
492	-84.3943	-83.9932	-90.5457	-108.087	0.999314	0.000685711	4.61866e-13	0.143244
493	-70.0942	-69.6925	-79.2799	-101.179	0.999967	3.29908e-05	2.84568e-16	0.142685
494	-116.335	-115.986	-118.17	-134.157	0.948648	0.051352	1.63631e-10	0.186683
495	-54.0342	-53.6325	-69.384	-90.7134	1	6.93969e-08	1.05804e-18	0.142657
496	-95.8849	-95.5149	-98.2169	-114.627	0.968744	0.0312556	6.52542e-11	0.169453
497	-113.769	-124.743	-112.636	-120.302	1.14696e-05	0.999975	1.30906e-05	1
498	-30.0249	-29.6232	-55.6529	-80.8789	1	2.38557e-12	7.38745e-25	0.142657
499	-112.883	-113.01	-112.639	-124.805	0.589463	0.410537	5.97703e-08	0.494628
500	-98.897	-98.5099	-101.993	-119.3	0.985437	0.0145633	1.23925e-11	0.155142
501	-80.3301	-79.9283	-93.8152	-113.586	1	4.47852e-07	3.24624e-17	0.142657
502	-117.852	-120.489	-116.767	-129.4	0.0478632	0.952137	8.685e-08	0.958965
503	-130.148	-132.411	-129.086	-135.86	0.0695611	0.930409	2.97311e-05	0.940389
504	-71.9005	-71.4987	-85.6453	-106.81	1	3.45426e-07	6.2123e-18	0.142657
505	-139.3	-139.677	-138.781	-153.291	0.459133	0.540867	7.55034e-09	0.606365
506	-27.9467	-27.5449	-51.1196	-73.7795	1	2.77852e-11	1.11985e-22	0.142657
507	-175.782	-175.854	-175.624	-187.379	0.623094	0.376906	8.27499e-08	0.465795
508	-87.6981	-87.297	-93.8405	-107.655	0.999308	0.000691925	1.93531e-11	0.14325
509	-31.3062	-30.9045	-54.009	-76.3721	1	4.44614e-11	2.41104e-22	0.142657
510	-80.8677	-80.4659	-97.1753	-116.954	1	2.66286e-08	1.91362e-18	0.142657
511	-103.18	-102.778	-114.574	-130.428	0.999996	3.62551e-06	1.31936e-14	0.14266
512	-93.8961	-93.4943	-114.956	-136.87	1	2.29902e-10	1.95408e-21	0.142657
513	-33.7869	-33.3851	-55.453	-78.0437	1	1.25368e-10	5.41496e-22	0.142657
514	-16.9122	-16.5104	-46.3235	-76.2259	1	5.42609e-14	1.56472e-28	0.142657
515	-83.4143	-83.0126	-100.401	-118.206	1	1.3508e-08	6.98464e-18	0.142657
516	-110.594	-110.194	-115.747	-129.691	0.99814	0.00186027	4.57497e-11	0.144251
517	-35.5127	-35.1109	-59.8796	-83.6393	1	8.41889e-12	1.12964e-23	0.142657
518	-40.2295	-39.8278	-58.6968	-76.9755	1	3.07223e-09	9.89698e-19	0.142657
519	-27.8696	-27.4679	-52.7036	-78.2199	1	5.27728e-12	1.22252e-24	0.142657
520	-31.8987	-31.4969	-46.9805	-64.683	1	9.07274e-08	5.20015e-17	0.142657
521	-70.9019	-70.5001	-86.0755	-101.294	1	8.27605e-08	5.68604e-16	0.142657
522	-40.3761	-39.9743	-64.7905	-88.5812	1	8.02847e-12	1.04434e-23	0.142657
523	-81.0325	-80.6308	-90.0552	-108.098	0.999961	3.88306e-05	1.58437e-14	0.14269
524	-57.7509	-57.3492	-73.2711	-90.8581	1	5.85273e-08	3.76525e-17	0.142657
525	-29.8019	-29.4001	-53.6191	-76.9239	1	1.45874e-11	3.0849e-23	0.142657
526	-41.5028	-41.101	-62.9557	-85.3108	1	1.55161e-10	8.48144e-22	0.142657
527	-77.0366	-76.6444	-80.5528	-94.3718	0.990437	0.00956257	2.66361e-10	0.150855
528	-76.9262	-76.5244	-94.1301	-111.196	1	1.08666e-08	1.17704e-17	0.142657
529	-45.1078	-44.706	-57.7873	-74.3817	0.999999	1.00233e-06	1.74002e-15	0.142657
530	-84.5253	-84.1237	-92.1165	-109.863	0.999838	0.000162498	8.9167e-14	0.142796
531	-136.113	-140.057	-134.993	-144.954	0.0129609	0.987038	1.30186e-06	0.988889
532	-146.275	-162.266	-145.142	-155.497	7.60427e-08	0.999999	8.89848e-07	1
533	-56.7673	-56.3658	-63.9884	-79.0627	0.999765	0.000235292	1.86772e-12	0.142858
534	-50.6256	-50.2238	-59.6718	-75.27	0.999962	3.79278e-05	1.78284e-13	0.142689
535	-55.1943	-54.7925	-69.0606	-85.3068	1	3.05924e-07	7.52269e-16	0.142657
536	-76.5828	-76.1811	-84.8936	-104.555	0.999921	7.91264e-05	6.3949e-15	0.142724
537	-137.505	-146.981	-136.372	-143.279	5.12889e-05	0.999921	2.79654e-05	0.999981
538	-30.5147	-30.1129	-54.9412	-78.7474	1	7.93152e-12	1.01594e-23	0.142657
539	-31.9092	-31.5074	-54.4067	-79.0734	1	5.45928e-11	2.95743e-23	0.142657
540	-53.1685	-52.7668	-61.8252	-77.0186	0.999944	5.59896e-05	3.94579e-13	0.142705
541	-60.3713	-59.9696	-76.3885	-97.0543	1	3.56035e-08	1.05406e-18	0.142657
542	-62.8011	-62.3994	-81.0269	-99.0714	1	3.91118e-09	1.59262e-18	0.142657
543	-125.036	-124.644	-128.475	-141.09	0.989673	0.0103272	9.59269e-10	0.151511
544	-117.872	-118.82	-117.038	-129.039	0.259352	0.740648	1.27089e-07	0.777646
545	-167.458	-177.784	-166.325	-175.931	2.19467e-05	0.999976	1.88143e-06	0.999983
546	-154.013	-174.716	-152.88	-161.569	6.83244e-10	0.999995	4.7061e-06	1
547	-142.173	-159.979	-141.04	-150.378	1.23833e-08	0.999998	2.46007e-06	1
548	-192.207	-208.358	-191.074	-195.913	6.47342e-08	0.999779	0.000221109	1.0002
549	-88.8805	-88.9558	-88.7159	-100.069	0.620571	0.379429	1.24442e-07	0.467958
550	-169.938	-189.71	-168.805	-172.649	1.7338e-09	0.999402	0.000597927	1.00053
553	-99.9668	-99.5657	-106.151	-119.918	0.999337	0.000663306	1.94745e-11	0.143225
554	-106.193	-118.345	-105.059	-111.309	3.53082e-06	0.999943	5.39635e-05	1.00004
555	-203.814	-256.204	-203.235	-199.957	1.18239e-23	0.574338	0.425662	1.37722
556	-28.0439	-27.6421	-49.6	-71.9865	1	1.3994e-10	7.41335e-22	0.142657
557	-107.785	-113.39	-106.654	-117.944	0.0024613	0.997538	3.48525e-07	0.99789
558	-47.6017	-47.1999	-61.359	-81.2127	1	3.41141e-07	2.27503e-17	0.142657
559	-188.296	-208.118	-187.163	-191.888	1.6485e-09	0.999752	0.00024795	1.00022
560	-147.539	-147.471	-147.666	-160.409	0.716302	0.283698	2.31621e-08	0.385883
561	-169.251	-189.523	-168.117	-173.658	1.0508e-09	0.99989	0.000109718	1.0001
563	-186.426	-216.97	-185.297	-187.057	3.63487e-14	0.995213	0.00478673	1.00424
564	-189.49	-200.861	-188.356	-196.081	7.7048e-06	0.99998	1.23446e-05	1
565	-176.468	-180.701	-175.344	-186.024	0.00971414	0.990285	6.3704e-07	0.991672
566	-55.5592	-55.1574	-71.1588	-91.5958	1	5.40567e-08	2.01177e-18	0.142657
567	-63.3737	-62.9719	-74.7664	-94.8859	0.999996	3.6298e-06	1.85562e-16	0.14266
568	-164.319	-176.529	-163.185	-174.205	3.33439e-06	0.999996	4.57704e-07	0.999998
569	-216.114	-271.01	-216.964	-211.552	9.65062e-25	0.137653	0.862347	1.76422
570	-111.013	-121.905	-109.879	-119.033	1.24448e-05	0.999985	2.95771e-06	0.999992
571	-61.1363	-60.7345	-81.0145	-102.849	1	7.4932e-10	6.89076e-21	0.142657
574	-155.005	-181.803	-153.871	-159.148	1.53912e-12	0.999857	0.000142728	1.00013
577	-153.737	-168.229	-152.603	-162.634	3.40277e-07	0.999998	1.23027e-06	1
578	-153.77	-153.369	-159.357	-174.49	0.998795	0.00120509	9.02454e-12	0.14369
579	-105.615	-105.216	-110.306	-127.532	0.997047	0.00295333	2.72563e-12	0.145189
580	-70.1815	-69.7798	-94.5407	-118.094	1	8.48429e-12	1.39888e-23	0.142657
581	-56.4264	-56.0267	-61.4817	-75.78	0.997948	0.00205189	3.53904e-11	0.144416
582	-64.3738	-63.9721	-75.2177	-93.807	0.999994	6.28387e-06	1.48385e-15	0.142662
583	-53.1519	-52.7501	-64.4541	-80.92	0.999996	3.97358e-06	7.844e-15	0.14266
584	-112.643	-127.68	-111.51	-117.63	1.97283e-07	0.999938	6.14101e-05	1.00005
585	-124.991	-127.249	-123.93	-137.271	0.0699484	0.930052	4.17988e-08	0.94003
586	-121.256	-123.291	-120.214	-135.614	0.0874026	0.912597	5.23064e-09	0.925066
587	-130.517	-130.122	-134.423	-151.348	0.993524	0.00647643	8.07738e-12	0.148209
588	-91.4493	-91.8079	-90.9459	-102.781	0.467529	0.532471	1.07857e-07	0.599168
592	-97.077	-96.6752	-106.457	-124.649	0.999973	2.71744e-05	9.54457e-15	0.14268
596	-145.205	-144.957	-146.021	-160.014	0.857615	0.142385	3.33016e-09	0.264729
597	-118.724	-131.879	-117.59	-128.346	1.29548e-06	0.999998	5.96146e-07	0.999999
598	-103.182	-114.31	-102.048	-112.93	9.82938e-06	0.99999	5.25523e-07	0.999992
599	-47.0787	-46.677	-61.5579	-82.0624	1	1.65748e-07	5.76576e-18	0.142657
600	-97.9079	-97.5061	-111.284	-127.17	1	4.9934e-07	1.76119e-15	0.142657
601	-80.0436	-80.4773	-79.4786	-91.5531	0.433694	0.566306	9.02739e-08	0.628175
602	-260.333	-322.146	-262.119	-255.678	9.56383e-28	0.0539451	0.946055	1.8384
603	-60.908	-60.5062	-75.2115	-93.5523	1	1.97574e-07	5.98159e-17	0.142657
604	-72.7627	-72.361	-86.7603	-103.23	1	2.68303e-07	5.27676e-16	0.142657
605	-64.5509	-64.1493	-71.8735	-87.0083	0.999787	0.000212556	1.58823e-12	0.142839
606	-116.06	-115.662	-120.577	-138.134	0.996485	0.00351478	2.32996e-12	0.14567
607	-79.3547	-78.9529	-89.324	-104.317	0.999985	1.50681e-05	1.29733e-13	0.142669
608	-68.6691	-68.2674	-76.9944	-95.2737	0.999922	7.79855e-05	2.51104e-14	0.142723
609	-123.96	-131.049	-122.827	-131.186	0.00055814	0.999435	6.54267e-06	0.999527
610	-133.626	-135.575	-132.593	-143.655	0.0953036	0.904696	3.96799e-07	0.918292
611	-148.406	-158.516	-147.272	-155.136	2.72165e-05	0.999962	1.0741e-05	0.999986
612	-164.766	-175.065	-163.633	-172.241	2.25388e-05	0.999972	5.10334e-06	0.999985
613	-110.45	-112.028	-109.465	-123.19	0.138133	0.861867	2.63615e-08	0.881572
615	-61.8755	-61.4738	-71.4948	-88.9698	0.999979	2.13837e-05	1.53889e-14	0.142675
618	-100.115	-99.7154	-105.286	-120.697	0.998171	0.001829	1.03651e-11	0.144225
619	-165.45	-197.85	-164.318	-167.161	5.68293e-15	0.998374	0.00162595	1.00144
620	-174.384	-210.983	-173.253	-175.536	8.53081e-17	0.997156	0.00284363	1.00252
621	-185.468	-192.625	-184.335	-192.505	0.000521603	0.99947	7.91197e-06	0.99956
622	-126.018	-134.013	-124.884	-137.501	0.000225505	0.999774	9.26251e-08	0.999807
623	-98.0296	-97.628	-106.162	-120.618	0.999905	9.45786e-05	1.39345e-12	0.142738
625	-151.165	-170.66	-150.032	-154.888	2.28582e-09	0.999783	0.000217432	1.00019
626	-106.872	-106.47	-115.357	-130.226	0.999934	6.64609e-05	6.47623e-13	0.142714
627	-60.0357	-59.634	-76.3569	-97.3247	1	2.62701e-08	5.75045e-19	0.142657
628	-115.193	-114.929	-116.113	-131.702	0.871633	0.128367	6.09038e-10	0.252711
636	-155.855	-177.573	-154.721	-163.475	2.47437e-10	0.999996	4.40989e-06	1
637	-113.739	-113.337	-123.508	-138.235	0.999982	1.84062e-05	2.06776e-13	0.142672
638	-105.317	-112.652	-104.184	-113.746	0.000436444	0.999562	1.96489e-06	0.999628
643	-81.3138	-80.9121	-92.7557	-111.533	0.999997	3.45544e-06	6.76173e-16	0.14266
644	-97.3848	-96.983	-114.613	-133.87	1	1.06046e-08	1.28474e-18	0.142657
645	-110.513	-119.879	-109.379	-121.006	5.7233e-05	0.999943	2.49409e-07	0.999951
646	-126.517	-132.934	-125.385	-137.177	0.00109301	0.998907	2.11229e-07	0.999063
647	-158.001	-175.771	-156.867	-162.449	1.28266e-08	0.999895	0.000105206	1.00009
648	-156.477	-184.567	-155.348	-157.13	4.22837e-13	0.99532	0.00468016	1.00415
649	-134.077	-144.396	-132.943	-145.137	2.20818e-05	0.999978	1.41435e-07	0.999981
650	-166.636	-171.637	-165.507	-175.933	0.00450423	0.995495	8.24587e-07	0.996139
651	-114.906	-117.296	-113.835	-124.527	0.061299	0.9387	5.96723e-07	0.947446
652	-137.898	-154.446	-136.765	-144.667	4.35696e-08	0.99999	1.03357e-05	1.00001
653	-155.849	-185.493	-154.717	-157.346	8.93214e-14	0.997987	0.00201337	1.00178
654	-117.783	-130.759	-116.649	-126.763	1.54984e-06	0.999997	1.13265e-06	1
655	-126.494	-141.085	-125.361	-136.375	3.08075e-07	0.999999	4.602e-07	1
656	-110.177	-121.812	-109.043	-116.702	5.92173e-06	0.999981	1.3182e-05	1.00001
659	-163.147	-187.981	-162.014	-165.038	1.09734e-11	0.998643	0.0013574	1.0012
660	-192.798	-217.439	-191.705	-191.293	1.33061e-11	0.959494	0.0405058	1.0359
661	-161.693	-169.582	-160.559	-171.018	0.00025074	0.999748	8.02193e-07	0.999786
662	-172.951	-207.303	-171.824	-173.206	8.06235e-16	0.993032	0.00696839	1.00618
672	-125.532	-133.706	-124.398	-136.445	0.000188542	0.999811	1.63844e-07	0.999838
673	-173.101	-191.561	-171.968	-175.595	6.42848e-09	0.999258	0.000742297	1.00066
674	-149.758	-168.726	-148.624	-156.587	3.87149e-09	0.99999	9.73244e-06	1.00001
676	-156.537	-166.487	-155.403	-163.415	3.19372e-05	0.999959	9.2616e-06	0.999981
705	-184.389	-210.337	-183.256	-187.009	3.60144e-12	0.999345	0.000654962	1.00058
706	-166.292	-204.782	-165.173	-165.838	1.28697e-17	0.985828	0.0141724	1.01256
707	-152.751	-171.053	-151.617	-157.696	7.5374e-09	0.999936	6.40541e-05	1.00006
708	-198.963	-240.748	-198.033	-195.944	4.77168e-19	0.815735	0.184265	1.1633
709	-124.834	-132.663	-123.701	-136.455	0.000266433	0.999733	8.07852e-08	0.999772
710	-178.294	-198.513	-177.161	-182.551	1.10839e-09	0.999873	0.000127437	1.00011
711	-123.91	-123.694	-124.549	-140.337	0.830187	0.169813	6.60385e-10	0.288245
712	-134.109	-145.617	-132.975	-139.907	6.72445e-06	0.999966	2.72776e-05	1.00002
713	-143.685	-165.015	-142.552	-149.712	3.64677e-10	0.999978	2.1709e-05	1.00002
714	-135.649	-141.267	-134.518	-147.422	0.00243054	0.997569	6.93899e-08	0.997916
715	-59.6385	-59.2374	-65.8692	-79.9705	0.999367	0.000633441	1.33055e-11	0.1432
716	-99.0213	-100.483	-98.0562	-111.718	0.155106	0.844894	2.75318e-08	0.867021
717	-81.6199	-81.2181	-96.8529	-113.292	1	7.79946e-08	1.58109e-16	0.142657
718	-153.69	-180.336	-152.556	-156.996	1.79051e-12	0.99967	0.000329776	1.00029
719	-119.75	-128.69	-118.617	-128.92	8.77066e-05	0.999911	9.36668e-07	0.999926
720	-41.6112	-41.2095	-58.606	-79.113	1	1.33946e-08	4.64806e-19	0.142657
739	-165.142	-186.168	-164.009	-168.121	4.94672e-10	0.999543	0.000457336	1.00041
740	-173.499	-191.777	-172.366	-180.61	7.71862e-09	0.999993	7.34575e-06	1.00001
741	-86.4264	-86.1454	-87.4666	-100.216	0.886262	0.113738	9.23046e-09	0.240169
742	-57.0859	-56.6842	-73.9865	-90.7967	1	1.47176e-08	2.05915e-17	0.142657
743	-61.8899	-61.4881	-72.7829	-91.1274	0.999994	5.9823e-06	1.80462e-15	0.142662
744	-79.5263	-79.1294	-83.7305	-97.0981	0.995194	0.0048061	2.10257e-10	0.146777
745	-59.4759	-59.0742	-74.64	-90.9799	1	8.35631e-08	1.87102e-16	0.142657
746	-118.529	-124.051	-117.398	-130.255	0.00267372	0.997326	7.27127e-08	0.997708
747	-151.939	-181.69	-150.806	-154.774	8.03813e-14	0.999472	0.000528264	1.00047
748	-66.1767	-65.7749	-78.1521	-96.3021	0.999998	2.0269e-06	7.42595e-16	0.142658
749	-99.4195	-99.0178	-115.476	-131.445	1	3.42382e-08	1.1109e-16	0.142657
750	-97.9896	-103.975	-96.8576	-106.451	0.0016834	0.998315	1.90256e-06	0.998558
751	-88.7504	-88.3488	-96.1017	-109.795	0.999793	0.000206547	6.52529e-12	0.142834
752	-53.3764	-52.9747	-74.2237	-96.1191	1	2.84323e-10	2.46142e-21	0.142657
753	-41.2251	-40.8234	-61.0822	-83.038	1	7.65359e-10	6.237e-21	0.142657
754	-89.4525	-89.0507	-98.8744	-117.031	0.999974	2.60478e-05	9.47794e-15	0.142679
755	-70.171	-69.7692	-88.4658	-110.183	1	3.65037e-09	3.77605e-20	0.142657
756	-165.947	-186.213	-164.813	-169.319	1.05672e-09	0.999691	0.000308667	1.00027
779	-96.0967	-95.6949	-109.243	-127.986	0.999999	6.28345e-07	1.27214e-16	0.142657
780	-148.478	-186.06	-147.348	-149.406	3.19012e-17	0.996443	0.00355656	1.00315
781	-70.1149	-69.7131	-81.4945	-96.6568	0.999996	3.67753e-06	2.6734e-14	0.14266
782	-41.1237	-40.722	-62.5487	-84.7952	1	1.59554e-10	9.72235e-22	0.142657
783	-201.489	-243.873	-200.453	-199.149	2.6191e-19	0.906652	0.0933479	1.08273
784	-146.285	-160.957	-145.152	-151.123	2.84276e-07	0.999928	7.12899e-05	1.00006
785	-136.304	-138.669	-135.235	-148.397	0.0628083	0.937192	5.03254e-08	0.946152
793	-80.9066	-80.5048	-93.3035	-109.623	0.999999	1.3297e-06	3.04012e-15	0.142658
794	-41.2304	-40.8286	-58.3035	-78.8321	1	1.23855e-08	4.20593e-19	0.142657
795	-116.764	-116.362	-128.048	-143.152	0.999996	4.04779e-06	3.11878e-14	0.14266
796	-178.941	-189.851	-177.807	-186.213	1.22264e-05	0.999982	6.25116e-06	0.999995
797	-171.903	-198.273	-170.77	-174.179	2.36037e-12	0.999076	0.000923537	1.00082
798	-52.6159	-52.2141	-66.5451	-85.6387	1	2.87281e-07	4.09698e-17	0.142657
799	-110.07	-109.671	-114.783	-129.69	0.997111	0.00288901	2.71049e-11	0.145133
800	-80.9604	-80.6936	-81.8965	-94.4493	0.873782	0.126218	1.24714e-08	0.250869
801	-38.4881	-38.0863	-55.8048	-76.6021	1	9.70808e-09	2.51979e-19	0.142657
802	-147.173	-160.153	-146.039	-152.292	1.54235e-06	0.999945	5.38086e-05	1.00005
803	-110.831	-110.432	-115.548	-132.198	0.997124	0.00287618	4.72416e-12	0.145122
804	-78.6851	-78.3095	-81.2068	-94.3229	0.974146	0.0258542	1.45428e-09	0.164823
805	-46.6834	-46.2817	-70.5907	-93.807	1	1.33321e-11	3.08004e-23	0.142657
806	-130.54	-152.103	-129.407	-133.049	2.88908e-10	0.999268	0.00073156	1.00065
807	-195.742	-238.307	-196.4	-191.213	2.18629e-19	0.166698	0.833302	1.73848
808	-85.3377	-88.9669	-84.222	-94.8702	0.0177584	0.982241	6.51911e-07	0.984776
809	-125.614	-125.213	-141.6	-157.438	1	3.6735e-08	1.35871e-16	0.142657
810	-102.782	-111.219	-101.649	-110.335	0.000145029	0.99985	4.71915e-06	0.99988
811	-63.0989	-62.6971	-75.4973	-94.1026	0.999999	1.32771e-06	3.08557e-16	0.142658
812	-188.689	-189.436	-187.937	-199.921	0.316973	0.683027	1.19221e-07	0.728245
813	-110.058	-109.665	-113.661	-126.283	0.991226	0.0087737	8.08671e-10	0.150179
814	-119.816	-119.425	-123.234	-139.775	0.989453	0.010547	1.93116e-11	0.151699
815	-108.477	-117.316	-107.344	-119.232	9.69947e-05	0.999903	1.92062e-07	0.999917
816	-167.076	-187.803	-165.943	-169.78	6.66552e-10	0.999398	0.000602292	1.00053
817	-103.609	-108.066	-102.483	-115.73	0.00776442	0.992236	4.89664e-08	0.993343
818	-155.002	-159.577	-153.875	-165.752	0.00689432	0.993105	1.92929e-07	0.994089
819	-136.232	-143.004	-135.099	-144.882	0.000766284	0.999232	1.57528e-06	0.999344
820	-90.3111	-89.9199	-93.7293	-109.828	0.989452	0.0105476	3.00474e-11	0.1517
821	-111.829	-116.95	-110.7	-122.216	0.00399718	0.996003	2.77289e-07	0.996573
822	-63.7532	-63.3514	-77.4153	-97.232	1	3.75224e-07	2.59655e-17	0.142657
823	-97.3786	-96.9768	-113.411	-130.555	1	3.50611e-08	3.51312e-17	0.142657
824	-174.286	-180.652	-173.154	-181.915	0.0011508	0.998845	4.3721e-06	0.999017
825	-110.27	-111.93	-109.273	-122.94	0.127267	0.872733	2.82951e-08	0.890889
826	-161.7	-177.927	-160.567	-167.389	6.00207e-08	0.99997	3.04361e-05	1.00003
827	-101.802	-101.4	-113.85	-132.142	0.999998	1.88449e-06	5.99145e-16	0.142658
828	-174.299	-208.024	-173.199	-172.974	1.5092e-15	0.966155	0.0338452	1.02999
829	-126.811	-137.811	-125.677	-135.379	1.11769e-05	0.999987	1.71009e-06	0.999992
830	-107.832	-107.474	-109.842	-124.506	0.9569	0.0431	5.15636e-10	0.179608
831	-105.36	-113.234	-104.227	-113.415	0.000254756	0.999742	2.85844e-06	0.999784
832	-149.461	-202.911	-150.802	-144.838	4.09877e-24	0.0842388	0.915761	1.81155
833	-180.119	-234.019	-181.988	-175.459	2.6131e-24	0.0496716	0.950328	1.84219
834	-168.763	-186.724	-167.63	-171.238	1.05943e-08	0.999243	0.00075709	1.00067
835	-103.914	-104.515	-103.238	-116.988	0.366929	0.633071	1.88995e-08	0.685416
836	-49.952	-49.5502	-73.2763	-95.9844	1	2.38808e-11	9.17139e-23	0.142657
841	-71.2236	-70.8218	-82.5755	-101.483	0.999996	3.78074e-06	6.49176e-16	0.14266
842	-130.508	-147.607	-129.375	-137.877	2.50912e-08	0.999994	5.67516e-06	1.00001
843	-133.691	-133.316	-136.194	-148.972	0.973653	0.0263472	2.07673e-09	0.165245
844	-76.2415	-75.8397	-90.0478	-106.229	1	3.24822e-07	8.52341e-16	0.142657
845	-101.614	-101.215	-106.443	-122.427	0.997425	0.0025747	8.22458e-12	0.144864
846	-73.3246	-72.9233	-79.8678	-94.2714	0.999537	0.000463483	7.19439e-12	0.143054
847	-35.4995	-35.0977	-59.5446	-82.9537	1	1.16146e-11	2.21296e-23	0.142657
848	-79.5172	-79.1155	-87.6764	-106.313	0.999908	9.20827e-05	2.07333e-14	0.142736
849	-150.456	-162.843	-149.323	-156.311	2.79345e-06	0.999971	2.5784e-05	1.00002
850	-148.04	-147.689	-149.926	-164.48	0.951153	0.0488467	6.5208e-10	0.184535
851	-65.7758	-65.3741	-81.6427	-98.6623	1	4.13774e-08	4.69543e-17	0.142657
852	-151.947	-160.208	-150.814	-160.368	0.000173018	0.999825	1.98195e-06	0.999853
853	-103.827	-110.982	-102.694	-112.051	0.000522381	0.999475	2.41234e-06	0.999554
854	-25.5689	-25.1671	-42.0484	-59.8807	1	2.24226e-08	1.12887e-17	0.142657
855	-98.763	-98.3613	-112.828	-129.1	1	2.50831e-07	6.01114e-16	0.142657
856	-108.845	-113.908	-107.715	-117.03	0.00423326	0.995764	2.50811e-06	0.996373
857	-104.745	-104.711	-104.789	-119.623	0.691949	0.308051	3.10976e-09	0.406762
858	-89.6228	-89.2211	-105.411	-122.299	1	4.47542e-08	5.79233e-17	0.142657
859	-49.2212	-48.8194	-66.7831	-87.8781	1	7.59694e-09	1.4641e-19	0.142657
860	-135.617	-136.338	-134.878	-149.977	0.325458	0.674542	5.2228e-09	0.720971
861	-64.123	-63.7213	-72.9881	-88.3762	0.999955	4.54566e-05	2.63671e-13	0.142696
862	-72.769	-72.3672	-82.7158	-97.6962	0.999985	1.54108e-05	1.34373e-13	0.14267
867	-155.069	-158.451	-153.959	-164.271	0.0227529	0.977246	9.06988e-07	0.980494
868	-35.7373	-35.3355	-48.8381	-65.869	0.999999	6.57777e-07	7.37977e-16	0.142657
869	-91.0667	-90.6719	-94.9061	-111.358	0.993078	0.00692191	1.38631e-11	0.148591
870	-91.176	-90.8348	-92.8758	-109.914	0.94119	0.0588104	6.55263e-11	0.193077
871	-39.3998	-38.9981	-50.01	-65.8852	0.999992	7.93839e-06	2.82901e-14	0.142663
872	-147.394	-147.914	-146.768	-159.404	0.397795	0.602205	5.476e-08	0.658953
873	-64.9159	-64.5141	-77.4806	-97.3851	0.999999	1.12436e-06	7.12676e-17	0.142658
874	-150.51	-156.334	-149.379	-160.248	0.00197866	0.998021	5.31116e-07	0.998304
875	-99.5724	-99.8797	-99.1163	-115.735	0.492129	0.507871	8.60759e-10	0.578077
876	-79.1116	-78.7098	-95.2562	-112.623	1	3.13451e-08	2.51239e-17	0.142657
877	-28.7571	-28.3554	-51.1336	-74.2066	1	6.16168e-11	1.64285e-22	0.142657
878	-77.26	-76.8583	-88.4904	-107.319	0.999996	4.26957e-06	7.93485e-16	0.14266
884	-50.0283	-49.6265	-59.3182	-75.1425	0.99997	2.9724e-05	1.11459e-13	0.142682
885	-110.949	-115.443	-109.823	-122.234	0.00747793	0.992522	1.12997e-07	0.993589
886	-113.962	-121.977	-112.829	-124.131	0.0002213	0.999778	3.4507e-07	0.999811
887	-73.2357	-72.8345	-79.5563	-94.0118	0.999421	0.000578977	8.53336e-12	0.143153
888	-60.2615	-59.8598	-79.3095	-100.436	1	1.71884e-09	3.20894e-20	0.142657
889	-132.722	-140.185	-131.589	-145.218	0.000384293	0.999616	3.36712e-08	0.999671
890	-111.313	-124.652	-110.179	-117.563	1.07722e-06	0.999982	1.73701e-05	1.00001
891	-35.5207	-35.1189	-56.3302	-80.4575	1	2.95265e-10	2.7432e-22	0.142657
892	-103.825	-108.927	-102.696	-111.624	0.00407248	0.995924	3.69253e-06	0.996512
893	-31.7785	-31.3768	-55.9514	-80.9778	1	1.02218e-11	3.86463e-24	0.142657
894	-109.28	-110.307	-108.42	-122.758	0.239543	0.760457	1.26031e-08	0.794629
895	-56.8599	-56.4581	-81.3443	-105.024	1	7.48514e-12	1.08786e-23	0.142657
896	-123.962	-129.29	-122.832	-135.957	0.00325036	0.99675	5.55746e-08	0.997213
897	-28.845	-28.4432	-44.1963	-62.1488	1	6.92922e-08	3.09321e-17	0.142657
898	-73.7966	-73.3949	-84.1851	-102.285	0.99999	9.90872e-06	3.81531e-15	0.142665
899	-74.6421	-74.2404	-92.7116	-114.1	1	4.57301e-09	6.57462e-20	0.142657
902	-121.109	-121.094	-121.113	-135.035	0.67921	0.32079	8.05992e-09	0.417684
903	-248.721	-311.48	-250.478	-244.068	3.71419e-28	0.0555375	0.944463	1.83699
904	-92.5551	-92.1533	-105.455	-121.08	0.999999	8.03766e-07	3.68019e-15	0.142657
905	-34.3611	-33.9593	-53.4855	-74.8727	1	1.59234e-09	2.29133e-20	0.142657
906	-135.339	-159.956	-134.208	-136.797	1.36399e-11	0.997905	0.00209469	1.00186
907	-147.307	-150.043	-146.217	-156.165	0.0433513	0.956647	1.27944e-06	0.962834
908	-143.508	-156.599	-142.374	-149.881	1.38073e-06	0.999983	1.53543e-05	1.00001
1038	-72.2252	-71.8278	-76.5264	-92.2978	0.995638	0.0043622	1.72456e-11	0.146396
1042	-179.154	-195.53	-178.021	-185.486	5.17093e-08	0.999984	1.60158e-05	1.00001
1064	-192.896	-224.314	-191.765	-194.162	1.51772e-14	0.997462	0.00253786	1.00225
1067	-74.5352	-74.1335	-84.4196	-102.945	0.999984	1.64031e-05	4.12844e-15	0.142671
1069	-95.4077	-95.0596	-97.2253	-112.892	0.947727	0.0522734	2.29462e-10	0.187473
1075	-98.0094	-97.6077	-112.63	-131.735	1	1.43924e-07	2.02884e-17	0.142657
1076	-147.194	-166.913	-146.061	-150.192	1.82683e-09	0.999551	0.000448794	1.0004
1077	-80.019	-79.8739	-80.3709	-92.7361	0.773625	0.226375	2.69845e-08	0.336738
1078	-76.3408	-75.9391	-86.297	-105.049	0.999985	1.52669e-05	3.06326e-15	0.14267
1079	-75.1716	-74.7707	-81.1311	-99.7379	0.999169	0.000830787	1.92776e-13	0.143369
1080	-162.809	-184.715	-161.676	-165.914	2.04942e-10	0.999597	0.000403003	1.00036
1081	-47.9053	-47.5036	-62.3109	-82.6806	1	1.78407e-07	7.10146e-18	0.142657
1082	-90.1539	-89.7522	-99.6205	-114.211	0.999975	2.49096e-05	3.20761e-13	0.142678
1083	-66.9688	-66.572	-71.146	-87.049	0.995062	0.00493802	1.7115e-11	0.14689
1084	-87.0591	-87.0141	-87.1293	-101.154	0.699964	0.300036	6.80331e-09	0.39989
1085	-35.5897	-35.1879	-57.9378	-80.9385	1	6.33888e-11	1.81687e-22	0.142657
1086	-87.4946	-87.0928	-103.031	-119.93	1	5.75825e-08	7.37408e-17	0.142657
1087	-39.9119	-39.5102	-48.9083	-64.5138	0.99996	3.98641e-05	1.86039e-13	0.142691
1088	-162.166	-184.12	-161.032	-166.799	1.95401e-10	0.999913	8.74541e-05	1.00008
1089	-92.0202	-91.6184	-101.938	-121.609	0.999984	1.58594e-05	1.27056e-15	0.14267
1090	-249.983	-295.315	-249.45	-246.067	1.37421e-20	0.548494	0.451506	1.40013
1091	-149.808	-153.738	-148.687	-160.742	0.0131447	0.986855	1.60416e-07	0.988731
1092	-96.0864	-95.6873	-100.884	-115.631	0.997344	0.00265557	2.92274e-11	0.144933
1093	-31.6489	-31.2471	-57.8449	-83.5766	1	1.35169e-12	2.52432e-25	0.142657
1094	-79.7366	-79.3377	-84.4637	-98.4898	0.997151	0.00284918	6.45178e-11	0.145099
1095	-108.304	-107.903	-117.879	-135.993	0.999978	2.23537e-05	8.49357e-15	0.142676
1096	-82.0813	-81.6795	-100.45	-118.511	1	3.3905e-09	1.35843e-18	0.142657
1097	-36.2915	-35.8898	-60.157	-83.4176	1	1.39e-11	3.07252e-23	0.142657
1098	-90.8984	-93.6728	-89.8074	-103.754	0.0417463	0.958254	2.35041e-08	0.964209
1099	-25.5946	-25.1928	-48.9631	-71.8879	1	2.28495e-11	7.06585e-23	0.142657
1100	-66.403	-66.0012	-85.4229	-104.065	1	1.76784e-09	3.96143e-19	0.142657
1101	-78.4442	-78.0442	-83.65	-97.8844	0.998235	0.0017652	3.24542e-11	0.14417
1102	-95.7186	-95.3169	-106.462	-125.84	0.999993	6.9477e-06	7.45997e-16	0.142663
1103	-64.3943	-63.9926	-80.5883	-97.8649	1	2.98333e-08	2.61812e-17	0.142657
1104	-26.4572	-26.0554	-44.8551	-63.2322	1	3.29261e-09	9.61347e-19	0.142657
1105	-118.802	-118.405	-123.103	-137.432	0.995636	0.00436392	7.29895e-11	0.146398
1106	-82.5536	-82.1518	-98.4662	-117.812	1	3.95282e-08	4.38074e-18	0.142657
1107	-56.0073	-55.6055	-75.1495	-94.4649	1	1.5643e-09	1.78712e-19	0.142657
1108	-72.862	-72.4603	-82.4685	-98.2742	0.999978	2.16592e-05	8.27352e-14	0.142675
1109	-146.317	-145.915	-153.165	-168.653	0.999659	0.000341438	1.79323e-12	0.142949
1110	-72.124	-71.7222	-90.3512	-108.38	1	3.90533e-09	1.61461e-18	0.142657
1111	-37.465	-37.0633	-54.0782	-72.0768	1	1.96185e-08	8.36361e-18	0.142657
1112	-56.3742	-55.9876	-59.4411	-73.0206	0.985012	0.0149877	5.30449e-10	0.155506
1113	-71.0303	-70.6285	-87.6481	-104.87	1	1.95271e-08	1.81074e-17	0.142657
1114	-23.7656	-23.3638	-47.7521	-71.173	1	1.23151e-11	2.31897e-23	0.142657
1115	-160.138	-160.328	-159.811	-171.349	0.553589	0.446411	1.21682e-07	0.525385
1116	-103.016	-102.614	-111.632	-130.242	0.999942	5.82726e-05	1.34831e-14	0.142707
1117	-36.6428	-36.241	-62.4983	-88.9032	1	1.90007e-12	1.80991e-25	0.142657
1118	-87.3851	-95.7607	-86.2516	-95.3764	0.00015418	0.999843	3.04455e-06	0.999871
1119	-45.7642	-45.3624	-61.4691	-81.8971	1	4.86525e-08	1.82691e-18	0.142657
1120	-65.9806	-65.5788	-90.6425	-114.756	1	6.26808e-12	5.90539e-24	0.142657
1121	-63.1151	-62.7134	-76.6722	-92.5773	1	4.16804e-07	1.44158e-15	0.142657
1122	-71.5426	-71.1408	-83.8508	-103.678	0.999999	1.45309e-06	9.95332e-17	0.142658
1123	-78.3612	-77.9594	-98.9534	-121.619	1	3.66925e-10	1.47016e-21	0.142657
1124	-52.6273	-52.2255	-70.8236	-88.8662	1	4.02809e-09	1.64324e-18	0.142657
1125	-53.2878	-52.8861	-68	-87.5732	1	1.31304e-07	1.15918e-17	0.142657
1126	-143.335	-142.934	-150.99	-165.859	0.999847	0.000152529	1.48701e-12	0.142787
1127	-60.1977	-59.796	-74.4762	-94.6843	1	2.02583e-07	9.47838e-18	0.142657
1137	-59.7554	-59.3537	-72.4696	-89.117	0.999999	9.68205e-07	1.59416e-15	0.142657
1138	-26.8195	-26.4178	-54.3539	-83.6877	1	3.54502e-13	1.80531e-27	0.142657
1139	-34.099	-33.6972	-55.8396	-78.2869	1	1.16372e-10	5.80113e-22	0.142657
1140	-130.348	-129.947	-136.516	-151.332	0.999326	0.000674268	6.9354e-12	0.143235
1141	-38.5154	-38.1137	-62.1256	-86.5925	1	1.79429e-11	1.18706e-23	0.142657
1142	-83.1789	-82.7772	-104.615	-126.576	1	1.57803e-10	1.27883e-21	0.142657
1153	-117.256	-117.963	-116.523	-129.619	0.329996	0.670004	3.84533e-08	0.71708
1154	-73.5225	-73.1208	-86.6605	-107.121	0.999999	6.3375e-07	2.30425e-17	0.142657
1155	-139.83	-156.519	-138.696	-145.63	3.77803e-08	0.999973	2.72351e-05	1.00002
1156	-100.529	-100.331	-101.086	-117.055	0.81565	0.18435	5.98318e-10	0.300708
1157	-102.983	-102.581	-121.996	-140.346	1	1.77978e-09	5.343e-19	0.142657
1158	-35.8186	-35.4168	-54.3765	-76.257	1	2.80589e-09	2.46554e-20	0.142657
1159	-40.5095	-40.1077	-59.8047	-81.4159	1	1.34237e-09	1.5439e-20	0.142657
1167	-57.2911	-56.8894	-77.6014	-99.926	1	4.86468e-10	2.74146e-21	0.142657
1168	-194.934	-213.758	-193.8	-200.791	4.4696e-09	0.999974	2.5736e-05	1.00002
1169	-59.5669	-59.1651	-73.7603	-93.9389	1	2.20564e-07	1.06296e-17	0.142657
1170	-36.8893	-36.4875	-56.8729	-78.2579	1	6.74368e-10	9.72508e-21	0.142657
1171	-121.398	-147.026	-120.266	-123.35	4.96175e-12	0.998722	0.00127796	1.00113
1172	-102.229	-105.631	-101.118	-111.326	0.0222833	0.977716	1.00777e-06	0.980896
1173	-68.8779	-68.4761	-83.1751	-99.8749	1	1.98836e-07	3.10638e-16	0.142657
1174	-123.021	-130.075	-121.888	-131.053	0.000578365	0.999419	2.92404e-06	0.999507
1175	-76.0332	-75.6314	-86.5882	-104.606	0.999992	8.38813e-06	3.50874e-15	0.142664
1176	-68.6791	-68.2773	-81.3915	-100.208	0.999999	9.69928e-07	1.82436e-16	0.142657
1177	-176.626	-201.764	-175.492	-180.351	8.09078e-12	0.999783	0.000216747	1.00019
1178	-109.347	-116.158	-108.214	-120.356	0.00073732	0.999263	1.48909e-07	0.999368
1179	-103.457	-108.268	-102.329	-112.145	0.00544522	0.994553	1.51708e-06	0.995333
1180	-98.367	-101.615	-97.2597	-109.655	0.0259863	0.974014	1.1268e-07	0.977721
1181	-115.592	-115.984	-115.06	-126.757	0.452066	0.547934	1.27326e-07	0.612424
1182	-114.034	-120.466	-112.902	-121.979	0.00107697	0.99892	3.18888e-06	0.999079
1183	-131.92	-137.801	-130.788	-138.712	0.00186716	0.998123	1.00934e-05	0.998408
1184	-143.016	-149.272	-141.883	-150.857	0.0012832	0.998713	3.53674e-06	0.998903
1185	-50.0077	-49.6059	-68.3793	-90.1225	1	3.38056e-09	3.40733e-20	0.142657
1186	-94.5342	-94.1325	-102.84	-121.204	0.99992	7.95387e-05	2.35151e-14	0.142725
1187	-124.992	-135.915	-123.858	-132.143	1.20639e-05	0.999981	7.0516e-06	0.999996
1188	-159.34	-168.156	-158.207	-168.994	9.9258e-05	0.9999	5.7723e-07	0.999915
1189	-147.414	-176.589	-146.282	-149.374	1.42924e-13	0.998733	0.00126723	1.00112
1190	-53.9794	-53.5777	-73.8085	-95.6827	1	7.87082e-10	6.95959e-21	0.142657
1191	-114.008	-113.637	-116.392	-132.509	0.970332	0.0296681	8.30545e-11	0.168092
1192	-145.705	-157.725	-144.572	-152.88	4.03255e-06	0.999989	6.891e-06	1
1193	-107.48	-107.143	-109.105	-122.093	0.936658	0.0633418	4.05256e-09	0.196962
1194	-95.09	-94.6882	-113.128	-130.907	1	4.71776e-09	2.50465e-18	0.142657
1195	-113.308	-118.433	-112.178	-124.963	0.00397995	0.99602	7.80628e-08	0.996588
1196	-93.4805	-93.1601	-94.8963	-111.615	0.921873	0.0781268	1.19711e-10	0.209638
1197	-97.973	-101.044	-96.8709	-107.882	0.0310357	0.968964	4.47498e-07	0.973392
1198	-38.5306	-38.1288	-54.7181	-74.9418	1	3.00269e-08	1.38321e-18	0.142657
1199	-150.403	-177.728	-149.27	-154.093	9.08917e-13	0.999775	0.000224818	1.0002
1200	-91.0173	-97.3051	-89.8849	-99.6013	0.00124384	0.998754	1.68296e-06	0.998935
1201	-46.6358	-46.234	-61.5	-78.9601	1	1.12775e-07	8.23751e-17	0.142657
1202	-100.137	-104.255	-99.0138	-112.167	0.0108856	0.989114	5.36128e-08	0.990667
1203	-56.8711	-56.4695	-64.5492	-79.0049	0.999851	0.000148966	2.19515e-12	0.142784
1204	-105.295	-106.485	-104.389	-115.127	0.203435	0.796565	4.82836e-07	0.825587
1205	-124.14	-123.738	-136.289	-154.456	0.999998	1.7039e-06	6.135e-16	0.142658
1206	-119.211	-128.074	-118.078	-129.434	9.46816e-05	0.999905	3.26714e-07	0.999919
1207	-114.429	-117.19	-113.338	-127.533	0.042306	0.957694	1.83282e-08	0.963729
1208	-97.5059	-97.1041	-109.56	-128.826	0.999998	1.87273e-06	2.24965e-16	0.142658
1209	-214.911	-245.171	-213.787	-214.805	4.82831e-14	0.990005	0.00999453	1.00886
1211	-136.9	-148.616	-135.766	-142.079	5.4594e-06	0.999944	5.06757e-05	1.00004
1229	-92.4267	-92.0252	-99.4889	-115.414	0.999724	0.000275782	9.34961e-13	0.142893
1230	-110.675	-113.606	-109.577	-119.742	0.0356727	0.964326	1.03773e-06	0.969417
1231	-120.112	-126.845	-118.979	-131.173	0.000796742	0.999203	1.41325e-07	0.999317
1232	-168.154	-183.105	-167.021	-171.584	2.15044e-07	0.999708	0.000291395	1.00026
1233	-96.7928	-102.303	-95.6619	-105.68	0.00270706	0.997292	1.24303e-06	0.99768
1248	-164.723	-169.783	-163.593	-173.493	0.00424345	0.995755	1.39659e-06	0.996363
1249	-140.489	-151.183	-139.355	-150.935	1.51673e-05	0.999985	2.61359e-07	0.999987
1250	-64.3067	-63.905	-72.9723	-88.2186	0.999945	5.54906e-05	3.70907e-13	0.142704
1251	-85.0866	-84.6898	-89.2657	-102.481	0.995071	0.00492861	2.51179e-10	0.146882
1260	-65.6362	-65.2344	-80.2712	-98.5773	1	1.41826e-07	4.44553e-17	0.142657
1261	-138.966	-154.537	-137.833	-147.584	1.15661e-07	0.999998	1.62794e-06	1
1262	-73.9089	-73.5072	-82.6645	-98.8907	0.999949	5.07165e-05	1.27239e-13	0.1427
1263	-130.567	-143.944	-129.433	-136.389	1.03788e-06	0.999972	2.66448e-05	1.00002
1264	-105.136	-104.735	-112.623	-128.958	0.99982	0.000180375	4.05879e-13	0.142811
1265	-50.0587	-49.657	-70.0767	-92.1054	1	6.51566e-10	4.9366e-21	0.142657
1266	-101.035	-100.633	-109.582	-127.212	0.999938	6.24926e-05	3.8503e-14	0.14271
1267	-109.689	-123.47	-108.555	-116.216	6.92375e-07	0.999986	1.31643e-05	1.00001
1273	-81.1884	-80.7873	-87.3286	-104.912	0.999307	0.000693491	4.4768e-13	0.143251
1274	-161.735	-165.857	-160.612	-172.799	0.0108461	0.989154	1.4082e-07	0.990701
1275	-45.4448	-45.043	-62.0541	-84.6554	1	1.96938e-08	8.41616e-20	0.142657
1276	-54.4657	-54.064	-73.9665	-95.3818	1	1.09291e-09	1.52918e-20	0.142657
1277	-77.9651	-77.5679	-82.2174	-95.6787	0.995419	0.00458052	1.82458e-10	0.146584
1278	-93.6731	-93.2716	-100.764	-118.779	0.999732	0.000267892	1.12427e-13	0.142886
1279	-97.5203	-97.2802	-98.2889	-112.918	0.850756	0.149244	1.8485e-09	0.27061
1280	-91.4584	-91.0566	-108.852	-129.612	1	8.99336e-09	2.42209e-19	0.142657
1281	-125.79	-139.454	-124.657	-130.699	7.78904e-07	0.999933	6.64159e-05	1.00006
1282	-91.603	-91.6068	-91.5678	-103.135	0.666607	0.333392	8.82518e-08	0.428489
1283	-92.7873	-92.3856	-111.623	-133.708	1	2.12556e-09	1.52202e-20	0.142657
1284	-98.9033	-98.5016	-106.724	-120.978	0.999871	0.000129215	2.32864e-12	0.142767
1285	-141.309	-159.073	-140.176	-145.805	1.29116e-08	0.9999	0.000100389	1.00009
1286	-107.23	-113.401	-106.098	-120.375	0.00139801	0.998602	1.75966e-08	0.998801
1287	-145.959	-169.039	-144.827	-147.916	6.33931e-11	0.998729	0.00127108	1.00113
1288	-43.9353	-43.5335	-60.9829	-82.6489	1	1.27044e-08	1.38345e-19	0.142657
1289	-51.0161	-50.6143	-65.0776	-85.2801	1	2.51665e-07	1.18415e-17	0.142657
1290	-154.921	-163.909	-153.787	-163.128	8.35617e-05	0.999914	2.45208e-06	0.999931
1291	-34.0111	-33.6093	-49.123	-66.8448	1	8.80317e-08	4.94954e-17	0.142657
1292	-59.9251	-59.5234	-71.4556	-91.7522	0.999997	3.16268e-06	1.35443e-16	0.142659
1293	-57.9593	-57.5576	-66.89	-82.4045	0.999957	4.25683e-05	2.17595e-13	0.142693
1294	-78.273	-77.8713	-92.3171	-108.767	1	2.56096e-07	5.1378e-16	0.142657
1295	-193.278	-209.385	-192.144	-199.584	6.76498e-08	0.999984	1.64191e-05	1.00001
1296	-94.0843	-93.7099	-96.561	-112.908	0.972957	0.027043	6.01459e-11	0.165842
1297	-154.159	-160.2	-153.027	-163.497	0.00159139	0.998408	7.92042e-07	0.998636
1298	-37.0728	-36.671	-59.4635	-82.558	1	6.0745e-11	1.58535e-22	0.142657
1299	-193.913	-206.559	-192.78	-200.252	2.15635e-06	0.999982	1.58905e-05	1.00001
1300	-139.824	-150.504	-138.691	-148.276	1.53912e-05	0.999983	1.9206e-06	0.999989
1301	-71.4393	-71.0375	-89.6405	-107.595	1	4.00836e-09	1.78642e-18	0.142657
1302	-124.27	-139.761	-123.136	-131.574	1.25192e-07	0.999994	6.04956e-06	1.00001
1303	-37.214	-36.8122	-59.7308	-82.9152	1	5.3551e-11	1.27736e-22	0.142657
1304	-52.0316	-51.6298	-69.642	-91.8043	1	7.23683e-09	4.79732e-20	0.142657
1305	-87.9033	-87.6181	-88.9773	-104.212	0.890031	0.109969	7.43881e-10	0.236938
1306	-127.694	-134.166	-126.561	-139.948	0.00103471	0.998965	4.28642e-08	0.999113
1307	-137.71	-137.308	-158.011	-177.785	1	4.90957e-10	3.54601e-20	0.142657
1308	-56.328	-55.9262	-75.117	-97.1704	1	2.22702e-09	1.64602e-20	0.142657
1309	-39.9199	-39.5181	-50.3366	-66.0747	0.99999	9.63305e-06	3.93717e-14	0.142665
1310	-65.8223	-65.4205	-76.5842	-91.2615	0.999993	6.82051e-06	8.05344e-14	0.142662
1311	-51.1208	-50.7191	-69.4933	-87.7034	1	3.37758e-09	1.16533e-18	0.142657
1312	-72.589	-72.1872	-83.354	-101.62	0.999993	6.79967e-06	2.21956e-15	0.142662
1313	-61.8924	-61.4906	-85.1159	-107.865	1	2.6413e-11	9.73405e-23	0.142657
1314	-24.2655	-23.8637	-42.8683	-61.4561	1	2.68264e-09	6.34445e-19	0.142657
1315	-94.8108	-94.4091	-109.953	-130.017	1	8.54466e-08	4.61495e-18	0.142657
1316	-47.1506	-46.7488	-61.9287	-79.1645	1	1.22918e-07	1.12364e-16	0.142657
1317	-73.744	-73.3423	-91.1903	-112.435	1	8.52823e-09	1.41457e-19	0.142657
1318	-37.9547	-37.553	-62.5505	-86.3317	1	6.69693e-12	8.79438e-24	0.142657
1319	-86.2972	-85.8954	-96.4073	-116.53	0.999987	1.30894e-05	6.67137e-16	0.142668
1320	-88.7953	-88.3935	-104.454	-122.916	1	5.09399e-08	1.36688e-17	0.142657
1321	-89.709	-89.3073	-103.318	-123.544	1	3.95796e-07	1.81932e-17	0.142657
1322	-117.963	-117.561	-128.998	-147.231	0.999995	5.18975e-06	1.75047e-15	0.142661
1323	-104.994	-104.592	-115.483	-134.33	0.999991	8.9564e-06	1.63512e-15	0.142664
1324	-67.2771	-66.876	-73.4939	-87.7024	0.999358	0.000642337	1.2119e-11	0.143207
1325	-34.1699	-33.7681	-58.3873	-81.9884	1	9.77636e-12	1.53729e-23	0.142657
1326	-92.1397	-91.7379	-103.138	-119.175	0.999995	5.38303e-06	1.63236e-14	0.142661
1327	-88.3293	-87.9276	-99.2585	-115.186	0.999994	5.77052e-06	1.95175e-14	0.142662
1328	-86.4566	-87.8319	-85.5082	-97.2381	0.169125	0.830875	1.86949e-07	0.855002
1329	-80.9184	-80.5725	-82.696	-97.6195	0.945595	0.0544048	5.02202e-10	0.1893
1330	-152.511	-152.128	-155.355	-167.155	0.98127	0.0187299	3.929e-09	0.158715
1331	-71.2941	-70.8925	-78.8824	-96.3705	0.999837	0.000162964	1.15752e-13	0.142796
1332	-202.112	-223.212	-200.98	-203.783	4.59239e-10	0.998308	0.00169217	1.0015
1340	-85.5025	-85.1022	-90.8715	-107.809	0.9985	0.00149952	1.84637e-12	0.143942
1341	-106.638	-109.278	-105.553	-118.287	0.0477474	0.952253	7.85054e-08	0.959064
1345	-139.488	-143.983	-138.362	-151.925	0.00747384	0.992526	3.57127e-08	0.993592
1349	-242.075	-303.878	-245.347	-237.376	9.66119e-28	0.0122039	0.987796	1.87539
1350	-99.1384	-98.7487	-102.431	-118.12	0.988038	0.0119622	5.133e-11	0.152912
1351	-102.679	-102.286	-106.246	-122.652	0.990913	0.00908652	1.90521e-11	0.150447
1352	-114.077	-126.99	-112.944	-119.611	1.65073e-06	0.999963	3.55544e-05	1.00003
1370	-153.912	-162.825	-152.778	-163.825	9.00827e-05	0.999909	4.45421e-07	0.999923
1371	-146.084	-170.315	-144.951	-148.273	2.00438e-11	0.998992	0.00100782	1.00089
1390	-188.521	-202.164	-187.387	-196.569	7.94907e-07	0.999996	2.87442e-06	1
1397	-140.9	-149.169	-139.767	-148.385	0.000171599	0.999823	5.05395e-06	0.999857
1398	-134.854	-150.762	-133.72	-141.493	8.25279e-08	0.999988	1.17658e-05	1.00001
1399	-147.62	-165.33	-146.487	-155.664	1.36276e-08	0.999997	2.88819e-06	1
1400	-115.069	-114.667	-129.093	-148.983	1	2.61136e-07	1.68007e-17	0.142657
1401	-131.673	-145.415	-130.54	-139.726	7.20538e-07	0.999996	2.86175e-06	1
1402	-102.855	-110.592	-101.722	-110.718	0.000292068	0.999704	3.46031e-06	0.999753
1403	-89.3036	-88.9019	-105.841	-127.061	1	2.11661e-08	3.59894e-19	0.142657
1404	-117.971	-131.678	-116.837	-124.399	7.45994e-07	0.999985	1.4537e-05	1.00001
1405	-90.4452	-90.0434	-100.383	-115.457	0.999984	1.55559e-05	1.23454e-13	0.14267
1406	-86.4258	-86.0241	-95.6898	-112.38	0.999969	3.05059e-05	4.81263e-14	0.142683
1407	-168.587	-173.903	-167.456	-177.875	0.00328501	0.996714	8.3211e-07	0.997184
1408	-154.097	-153.696	-160.065	-175.359	0.999176	0.000823996	5.24879e-12	0.143363
1409	-26.7165	-26.3148	-50.6192	-73.9227	1	1.33932e-11	2.83607e-23	0.142657
1410	-134.082	-133.682	-139.27	-153.131	0.998203	0.00179702	4.79793e-11	0.144197
1411	-74.6935	-74.2922	-81.3791	-95.9184	0.999598	0.000401943	5.44775e-12	0.143001
1412	-43.1796	-42.7779	-61.5993	-83.409	1	3.22169e-09	3.03852e-20	0.142657
1413	-45.4233	-45.0216	-58.4229	-75.3349	0.999999	7.27826e-07	9.19675e-16	0.142657
1414	-73.8535	-73.4517	-85.338	-101.679	0.999997	3.31144e-06	7.40364e-15	0.142659
1415	-50.0889	-49.6872	-67.8143	-90.0901	1	6.45092e-09	3.81769e-20	0.142657
1416	-174.882	-196.596	-173.749	-177.565	2.48483e-10	0.999385	0.000615053	1.00055
1417	-64.3095	-63.9078	-87.2089	-110.692	1	3.65236e-11	6.46305e-23	0.142657
1418	-46.0869	-45.6851	-64.2115	-87.1445	1	4.32747e-09	1.32731e-20	0.142657
1419	-166.711	-166.309	-175.292	-190.983	0.99994	6.04111e-05	2.58669e-13	0.142708
1420	-57.089	-56.6872	-75.6847	-98.8536	1	2.70181e-09	6.54507e-21	0.142657
1421	-193.926	-194.279	-193.427	-205.877	0.470012	0.529988	5.80157e-08	0.597038
1422	-117.032	-116.631	-138.376	-160.574	1	1.73136e-10	1.1071e-21	0.142657
1423	-43.3484	-42.9466	-61.8305	-83.6318	1	3.02679e-09	2.87875e-20	0.142657
1424	-137.904	-137.502	-153.424	-172.21	1	5.84948e-08	1.13458e-17	0.142657
1425	-67.0631	-66.6613	-82.686	-102.994	1	5.28097e-08	2.23635e-18	0.142657
1426	-83.0388	-82.6373	-90.4299	-109.253	0.999801	0.000198511	3.70854e-14	0.142827
1427	-82.9796	-82.6057	-85.4417	-98.3663	0.972558	0.0274423	1.86944e-09	0.166184
1428	-90.4307	-90.0289	-101.747	-121.377	0.999996	3.9183e-06	3.26885e-16	0.14266
1429	-109.454	-109.052	-126.84	-145.654	1	9.05576e-09	1.70813e-18	0.142657
1430	-181.247	-200.352	-180.113	-185.465	3.37437e-09	0.999868	0.000132481	1.00012
1431	-73.0927	-72.691	-81.5669	-96.4119	0.999933	6.72026e-05	6.70901e-13	0.142714
1432	-127.049	-126.647	-141.584	-160.013	1	1.56707e-07	4.34354e-17	0.142657
1433	-218.824	-223.62	-217.696	-228.904	0.00552434	0.994475	3.77097e-07	0.995264
1434	-28.615	-28.2133	-52.6858	-76.1304	1	1.1321e-11	2.0817e-23	0.142657
1435	-59.8831	-59.4813	-75.5441	-94.8208	1	5.08351e-08	6.03676e-18	0.142657
1437	-179.685	-203.809	-178.554	-181.335	2.23297e-11	0.998272	0.00172792	1.00153
1438	-143.755	-150.346	-142.622	-156.258	0.000918395	0.999082	3.34249e-08	0.999213
1439	-60.7783	-60.3766	-74.9327	-95.0553	1	2.29347e-07	1.16891e-17	0.142657
1440	-162.074	-179.96	-160.941	-168.811	1.14329e-08	0.999989	1.0682e-05	1.00001
1448	-54.0342	-53.6325	-67.5035	-87.1333	1	4.55023e-07	3.79602e-17	0.142657
1449	-63.2776	-62.8758	-87.0503	-110.002	1	1.52515e-11	4.58974e-23	0.142657
1450	-154.888	-190.408	-153.851	-152.557	2.50822e-16	0.907506	0.092494	1.08197
1451	-151.87	-151.473	-156.194	-172.996	0.995734	0.00426618	6.01837e-12	0.146314
1452	-131.904	-137.261	-130.774	-143.456	0.00315571	0.996844	8.65835e-08	0.997295
1453	-99.1033	-105.172	-97.9713	-106.395	0.00154803	0.998446	6.12619e-06	0.998678
1454	-58.2017	-57.8	-70.5885	-90.2462	0.999999	1.34334e-06	1.08985e-16	0.142658
1455	-148.869	-165.894	-147.736	-153.781	2.70109e-08	0.999934	6.62069e-05	1.00006
1456	-103.59	-103.188	-111.242	-128.345	0.999847	0.000152912	1.59586e-13	0.142788
1457	-196.204	-214.124	-195.071	-199.614	1.10452e-08	0.999703	0.000297171	1.00026
1458	-111.33	-110.929	-117.96	-132.682	0.999575	0.000425113	4.79718e-12	0.143021
1459	-38.0606	-37.6589	-55.3599	-76.0814	1	9.87855e-09	2.76614e-19	0.142657
1460	-155.363	-159.997	-154.236	-159.852	0.00650055	0.993398	0.000100985	0.994516
1461	-91.3066	-90.9147	-94.796	-111.101	0.990177	0.00982344	2.27855e-11	0.151079
1462	-154.405	-184.95	-153.272	-157.623	3.63087e-14	0.99964	0.000360213	1.00032
1463	-57.9986	-57.5968	-75.9639	-93.4646	1	5.075e-09	3.55932e-18	0.142657
1464	-121.489	-121.786	-121.042	-134.068	0.49689	0.50311	3.0973e-08	0.573995
1465	-175.506	-214.915	-174.407	-174.175	5.1331e-18	0.96597	0.03403	1.03016
1466	-98.3398	-98.4456	-98.1275	-107.917	0.601982	0.398018	6.23576e-07	0.483895
1467	-75.6151	-75.2133	-85.2069	-103.395	0.999978	2.19789e-05	7.74857e-15	0.142675
1468	-121.392	-121.141	-122.22	-134.471	0.859387	0.140613	1.87835e-08	0.26321
1469	-194.699	-215.396	-193.565	-199.816	6.87128e-10	0.999946	5.39177e-05	1.00005
1470	-42.0473	-41.6455	-60.8823	-79.2816	1	2.12674e-09	6.07284e-19	0.142657
1471	-78.9165	-78.5469	-81.2375	-94.0023	0.968401	0.0315988	2.52575e-09	0.169748
1472	-143.166	-166.95	-142.058	-142.111	3.13479e-11	0.974162	0.0258381	1.0229
1473	-76.9984	-76.5967	-88.5753	-107.618	0.999997	3.01912e-06	4.53109e-16	0.142659
1474	-70.0699	-69.6683	-77.4354	-95.0618	0.999796	0.000203643	1.25952e-13	0.142831
1475	-91.5848	-91.3774	-92.185	-107.823	0.823395	0.176605	7.97822e-10	0.294068
1476	-140.913	-158.728	-139.779	-149.651	1.22579e-08	0.999999	1.4422e-06	1
1477	-79.253	-78.8512	-90.5469	-104.295	0.999996	4.00668e-06	1.19778e-13	0.14266
1478	-76.9588	-76.8235	-77.2779	-89.4734	0.76607	0.23393	3.30415e-08	0.343215
1479	-47.1439	-46.7422	-64.4329	-85.1906	1	9.98079e-09	2.69535e-19	0.142657
1480	-64.3341	-63.9325	-71.6831	-89.2847	0.999793	0.000207039	1.31272e-13	0.142834
1565	-78.2709	-77.8691	-92.6661	-109.473	1	1.80265e-07	2.52958e-16	0.142657
1566	-118.585	-132.539	-117.452	-127.065	5.82712e-07	0.999998	1.86809e-06	1
1567	-177.266	-200.849	-176.132	-181.977	3.83016e-11	0.999919	8.0894e-05	1.00007
1570	-105.837	-105.435	-125.946	-147.183	1	5.94862e-10	9.94804e-21	0.142657
1571	-66.9053	-66.5035	-78.4075	-97.4118	0.999997	3.25328e-06	5.07315e-16	0.142659
1572	-115.71	-116.637	-114.884	-129.221	0.264803	0.735197	1.22042e-08	0.772973
1573	-142.794	-156.74	-141.661	-148.186	5.87456e-07	0.999958	4.09745e-05	1.00004
1574	-87.977	-87.5753	-109.087	-130.983	1	2.18654e-10	1.89125e-21	0.142657
1575	-182.789	-228.773	-181.769	-180.315	7.16129e-21	0.893154	0.106846	1.09469
1576	-169.491	-182.977	-168.357	-174.393	9.29854e-07	0.999932	6.68009e-05	1.00006
1582	-113.286	-113.053	-114.014	-129.153	0.844598	0.155402	1.15562e-09	0.27589
1583	-26.7153	-26.3136	-42.9867	-60.5256	1	2.76128e-08	1.86417e-17	0.142657
1584	-50.5736	-50.1719	-66.2308	-83.0509	1	5.10319e-08	7.0697e-17	0.142657
1585	-103.898	-103.522	-106.444	-122.558	0.974772	0.0252281	7.08541e-11	0.164286
1586	-38.179	-37.7772	-50.4818	-66.7554	0.999999	1.4609e-06	3.49541e-15	0.142658
1587	-138.454	-138.052	-154.822	-173.96	1	2.50483e-08	3.42015e-18	0.142657
1588	-54.1094	-53.7076	-68.2918	-88.447	1	2.23023e-07	1.1001e-17	0.142657
1589	-45.7297	-45.328	-55.083	-70.9393	0.999972	2.78975e-05	1.01316e-13	0.14268
1590	-129.342	-156.294	-128.212	-130.42	1.31953e-12	0.996936	0.00306354	1.00271
1591	-82.658	-82.2562	-92.9734	-112.062	0.999989	1.06599e-05	1.52827e-15	0.142666
1592	-28.7546	-28.3528	-43.7379	-61.3214	1	1.0011e-07	6.46384e-17	0.142657
1593	-65.3118	-64.9101	-74.4458	-93.7144	0.999965	3.47396e-05	4.15879e-15	0.142686
1594	-90.4323	-90.0305	-103.778	-122.951	0.999999	5.1474e-07	6.78378e-17	0.142657
1595	-102.935	-105.873	-101.837	-112.383	0.0354544	0.964545	7.09179e-07	0.969604
1596	-68.6259	-68.2242	-83.2119	-103.758	1	1.4896e-07	4.97158e-18	0.142657
1597	-166.558	-187.087	-165.425	-170.512	8.12405e-10	0.999827	0.000172557	1.00015
1598	-111	-110.622	-113.616	-125.09	0.976478	0.0235216	6.83443e-09	0.162823
1599	-139.963	-157.03	-138.829	-147.985	2.58859e-08	0.999997	2.95274e-06	1
1600	-40.526	-40.1243	-53.8949	-71.2172	0.999999	5.0308e-07	4.21772e-16	0.142657
1601	-46.5375	-46.1357	-64.3187	-85.4719	1	6.10069e-09	1.10941e-19	0.142657
1602	-113.868	-113.466	-121.678	-137.932	0.999869	0.000130537	3.18477e-13	0.142768
1603	-95.1357	-94.7497	-98.1608	-115.136	0.984372	0.0156281	1.85364e-11	0.156055
1604	-80.9291	-80.5273	-93.1678	-113.105	0.999998	1.5576e-06	9.55376e-17	0.142658
1605	-44.6931	-44.2914	-65.4321	-87.8992	1	3.16864e-10	1.54858e-21	0.142657
1606	-40.1667	-39.7649	-59.6378	-81.47	1	1.12583e-09	1.03822e-20	0.142657
1607	-13.2596	-12.8579	-37.767	-62.4427	1	7.31596e-12	3.92786e-24	0.142657
1608	-45.9153	-45.5135	-62.4338	-80.246	1	2.15656e-08	1.10774e-17	0.142657
1609	-71.5386	-71.1368	-83.0358	-99.2879	0.999997	3.26961e-06	7.99314e-15	0.142659
1610	-43.7183	-43.3165	-67.3287	-90.5977	1	1.79385e-11	3.93212e-23	0.142657
1611	-128.211	-127.812	-133.037	-148.743	0.997419	0.00258124	1.08945e-11	0.14487
1612	-37.4172	-37.0154	-61.5305	-85.0144	1	1.08493e-11	1.91809e-23	0.142657
1613	-60.9297	-60.5279	-78.5178	-101.946	1	7.40016e-09	1.38319e-20	0.142657
1614	-33.954	-33.5522	-55.5421	-82.8878	1	1.35544e-10	5.03962e-24	0.142657
1615	-56.0971	-55.6953	-72.6168	-95.2192	1	2.1539e-08	9.19474e-20	0.142657
1616	-82.5762	-82.5318	-82.6448	-96.8785	0.699475	0.300525	5.52911e-09	0.40031
1617	-35.2953	-34.8935	-51.898	-69.8062	1	1.98241e-08	9.25041e-18	0.142657
1618	-126.097	-136.039	-124.963	-136.903	3.21968e-05	0.999968	1.8231e-07	0.999973
1619	-121.8	-131.74	-120.667	-127.832	3.22668e-05	0.999946	2.1615e-05	0.999991
1620	-116.686	-116.284	-126.951	-142.212	0.999989	1.12181e-05	7.38389e-14	0.142666
1621	-13.3456	-12.9438	-37.5747	-61.3711	1	9.66286e-12	1.24982e-23	0.142657
1638	-137.839	-149.085	-136.706	-144.507	8.7452e-06	0.99998	1.14332e-05	1
1639	-77.6565	-77.2547	-87.8816	-107.211	0.999988	1.16669e-05	1.31404e-15	0.142667
1640	-158.188	-178.708	-157.055	-162.665	8.20386e-10	0.999898	0.000102319	1.00009
1641	-62.4064	-62.0046	-73.7967	-89.2792	0.999996	3.63867e-06	1.92028e-14	0.14266
1642	-46.2913	-45.8896	-65.8277	-87.4578	1	1.05473e-09	1.1904e-20	0.142657
1643	-86.2909	-85.8921	-90.968	-106.202	0.997005	0.00299514	2.02729e-11	0.145224
1644	-143.406	-167.689	-142.272	-147.522	1.90403e-11	0.999853	0.000146676	1.00013
1645	-109.539	-116.344	-108.406	-122.102	0.000741496	0.999258	3.1464e-08	0.999364
1646	-46.3507	-45.9489	-67.6719	-89.3615	1	1.77e-10	1.8823e-21	0.142657
1647	-127.642	-128.241	-126.967	-139.957	0.367686	0.632314	4.03609e-08	0.684767
1648	-112.313	-113.212	-111.498	-125.855	0.272435	0.727565	1.18337e-08	0.766429
1649	-34.8573	-34.4555	-51.5081	-69.4427	1	1.88944e-08	8.58654e-18	0.142657
1650	-108.459	-108.057	-123.95	-140.546	1	6.02549e-08	1.04383e-16	0.142657
1651	-73.3066	-72.9053	-79.9258	-96.7812	0.99957	0.000429552	5.74375e-13	0.143025
1652	-114.917	-114.519	-119.272	-134.926	0.995868	0.00413159	1.83765e-11	0.146199
1653	-128.959	-146.556	-127.829	-129.922	1.52482e-08	0.996564	0.00343593	1.00304
1654	-98.1882	-99.0838	-97.3737	-111.373	0.273239	0.726761	1.69027e-08	0.76574
1655	-140.658	-173.324	-139.544	-139.904	4.35621e-15	0.980879	0.0191212	1.01695
1656	-95.5024	-98.3279	-94.4092	-105.773	0.0396669	0.960333	3.11714e-07	0.965992
1657	-73.3198	-72.918	-91.0124	-108.486	1	6.666e-09	4.80218e-18	0.142657
1658	-99.0341	-107.017	-97.9007	-106.211	0.000228447	0.999765	6.87315e-06	0.99981
1659	-168.236	-169.496	-167.313	-180.851	0.189894	0.810106	2.98996e-08	0.837196
1660	-162.782	-169.184	-161.649	-173.575	0.00110899	0.998891	1.84773e-07	0.999049
1661	-99.7479	-106.859	-98.6148	-110.623	0.000546079	0.999454	1.70181e-07	0.999532
1662	-57.1611	-56.7594	-73.1205	-93.82	1	3.77236e-08	1.07976e-18	0.142657
1663	-135.787	-135.385	-142.559	-157.853	0.999631	0.000368622	2.34999e-12	0.142973
1664	-132.298	-138.854	-131.165	-143.702	0.000951156	0.999049	1.00312e-07	0.999185
1665	-151.199	-176.204	-150.066	-154.811	9.24678e-12	0.999757	0.000242901	1.00022
1666	-100.214	-111.022	-99.0804	-110.105	1.35433e-05	0.999986	4.55355e-07	0.999989
1667	-44.4676	-44.0658	-60.947	-78.5085	1	2.2425e-08	1.48007e-17	0.142657
1668	-65.8246	-65.4236	-71.8981	-89.3921	0.999259	0.000741261	5.23385e-13	0.143292
1695	-99.5752	-99.1734	-119.13	-141.026	1	1.0351e-09	8.95458e-21	0.142657
1696	-170.615	-189.64	-169.481	-177.952	3.65417e-09	0.999994	5.85213e-06	1.00001
1697	-90.6174	-95.257	-89.4903	-99.2704	0.00646517	0.993533	1.5708e-06	0.994459
1698	-134.498	-134.392	-134.728	-146.247	0.744206	0.255794	7.10753e-08	0.36196
1699	-119.232	-118.854	-121.825	-137.304	0.975921	0.0240787	1.27434e-10	0.1633
1700	-117.975	-127.864	-116.841	-129.873	3.39458e-05	0.999966	6.11991e-08	0.999971
1701	-139.66	-157.628	-138.527	-142.812	1.05264e-08	0.999615	0.000384593	1.00034
1702	-52.3547	-51.9529	-64.801	-84.7164	0.999999	1.26558e-06	7.93542e-17	0.142658
1703	-71.1275	-70.7258	-79.1081	-96.2023	0.99989	0.00011008	1.15929e-13	0.142751
1704	-45.6067	-45.2049	-63.6306	-81.4653	1	4.78637e-09	2.40378e-18	0.142657
1705	-103.621	-105.954	-102.554	-116.97	0.0648816	0.935118	1.43496e-08	0.944374
1706	-178.361	-209.647	-177.228	-180.308	1.72984e-14	0.998717	0.00128317	1.00114
1707	-119.037	-118.711	-120.523	-136.683	0.927155	0.0728448	1.9521e-10	0.20511
1708	-135.344	-149.25	-134.21	-144.934	6.11081e-07	0.999999	6.15421e-07	1
1709	-140.682	-168.168	-139.549	-145.294	7.73973e-13	0.999911	8.93906e-05	1.00008
1710	-162.786	-189.599	-161.653	-165.127	1.51612e-12	0.999135	0.000865452	1.00077
1711	-62.8878	-62.486	-81.1626	-99.3272	1	3.72392e-09	1.34476e-18	0.142657
1712	-196.301	-218.083	-195.168	-199.04	2.32154e-10	0.999418	0.000581724	1.00052
1713	-51.5981	-51.1963	-66.0891	-86.7058	1	1.63802e-07	5.09335e-18	0.142657
1714	-56.7889	-56.3872	-65.0825	-82.7259	0.99992	8.04953e-05	4.89523e-14	0.142726
1715	-33.8653	-33.4636	-45.6402	-61.7581	0.999998	2.47691e-06	6.92442e-15	0.142659
1716	-133.117	-132.715	-145.807	-164.124	0.999999	9.92383e-07	3.07728e-16	0.142657
1717	-145.786	-163.018	-144.653	-153.786	2.19643e-08	0.999997	3.01877e-06	1
1718	-169.418	-209.608	-168.286	-171.39	2.34979e-18	0.998748	0.00125154	1.00111
1719	-106.668	-109.608	-105.571	-116.559	0.035398	0.964602	4.55405e-07	0.969652
1720	-144.428	-175.952	-143.296	-146.709	1.36387e-14	0.999081	0.000919263	1.00081
1721	-31.9626	-31.5608	-53.3802	-75.7123	1	1.6073e-10	8.9911e-22	0.142657
1722	-113.166	-112.764	-123.411	-142.555	0.999989	1.14354e-05	1.55096e-15	0.142666
1723	-103.738	-106.588	-102.644	-116.212	0.0386913	0.961309	3.4397e-08	0.966828
1724	-30.3087	-29.907	-53.0239	-75.3795	1	4.3911e-11	2.39933e-22	0.142657
1725	-156.797	-173.01	-155.663	-163.75	6.08273e-08	0.999991	8.59781e-06	1.00001
1726	-169.652	-171.055	-168.698	-181.15	0.16454	0.83546	9.13263e-08	0.858933
1727	-102.232	-101.836	-106.189	-122.909	0.993848	0.00615163	9.41921e-12	0.147931
1728	-69.3143	-68.9125	-87.6205	-105.725	1	3.60884e-09	1.38378e-18	0.142657
1729	-161.211	-168.292	-160.078	-168.934	0.000562562	0.999433	3.98187e-06	0.999521
1730	-182.311	-209.825	-181.18	-183.686	7.5268e-13	0.997725	0.00227456	1.00202
1731	-137.093	-154.607	-135.96	-145.574	1.65685e-08	0.999998	1.86517e-06	1
1732	-78.41	-78.0083	-91.7855	-106.403	1	4.99758e-07	6.26579e-15	0.142657
1733	-109.338	-114.318	-108.209	-120.117	0.0045978	0.995402	1.87418e-07	0.996058
1753	-32.5654	-32.1636	-54.6663	-76.2702	1	8.11645e-11	9.40399e-22	0.142657
1754	-92.5707	-92.169	-106.153	-126.013	1	4.06368e-07	2.69189e-17	0.142657
1755	-33.8726	-33.4708	-48.1326	-65.0932	1	2.06362e-07	2.4838e-16	0.142657
1756	-75.6026	-75.2397	-77.736	-93.905	0.961881	0.0381186	1.01258e-10	0.175337
1757	-51.6597	-51.258	-65.3284	-81.6911	1	3.72764e-07	8.15855e-16	0.142657
1758	-59.2983	-58.8965	-77.2046	-95.0238	1	5.38312e-09	2.74589e-18	0.142657
1759	-93.6222	-101.085	-92.489	-100.321	0.000384243	0.999605	1.10911e-05	0.99968
1760	-105.433	-108.543	-104.33	-114.281	0.0298499	0.970149	1.2925e-06	0.97441
1761	-73.357	-72.9552	-90.493	-111.459	1	1.16301e-08	2.55106e-19	0.142657
1762	-184.562	-204.605	-183.428	-188.683	1.32063e-09	0.999854	0.000145963	1.00013
1763	-172.622	-205.814	-171.537	-170.965	2.5742e-15	0.952795	0.0472054	1.04183
1764	-98.6318	-106.876	-97.4984	-106.253	0.000175855	0.99982	4.4075e-06	0.999853
1765	-122.452	-134.694	-121.318	-133.414	3.22509e-06	0.999997	1.56075e-07	0.999997
1766	-55.3112	-54.9095	-66.2583	-80.0023	0.999994	5.66772e-06	1.70158e-13	0.142661
1767	-73.2862	-72.8845	-85.4734	-104.087	0.999998	1.63997e-06	3.78049e-16	0.142658
1768	-65.2371	-64.8961	-66.9338	-77.0319	0.94101	0.0589904	6.78681e-08	0.193232
1769	-101.982	-106.459	-100.856	-112.153	0.0076038	0.992396	3.44151e-07	0.993481
1770	-151.182	-172.703	-150.048	-158.379	3.0142e-10	0.999993	6.73502e-06	1.00001
1771	-89.9141	-94.3504	-88.7885	-97.5045	0.00792244	0.992073	4.54576e-06	0.993212
1772	-67.5852	-67.1834	-88.1629	-110.566	1	3.723e-10	1.93969e-21	0.142657
1773	-56.1719	-55.7701	-67.7935	-85.7814	0.999997	2.88727e-06	1.24402e-15	0.142659
1774	-92.1411	-92.1445	-92.1066	-104.729	0.666852	0.333148	3.07124e-08	0.428279
1775	-39.5065	-39.1047	-57.6994	-79.285	1	4.04201e-09	4.76978e-20	0.142657
1776	-147.313	-153.624	-146.181	-158.809	0.00121563	0.998784	9.15587e-08	0.998958
1777	-135.284	-145.462	-134.15	-141.656	2.54204e-05	0.999959	1.53597e-05	0.999992
1778	-149.448	-179.365	-148.315	-153.021	6.80707e-14	0.999747	0.000252667	1.00022
1779	-85.9276	-85.5259	-100.665	-117.401	1	1.2801e-07	1.9289e-16	0.142657
1780	-48.8952	-48.4935	-66.5631	-87.5573	1	6.83272e-09	1.4566e-19	0.142657
1781	-123.072	-130.215	-121.939	-132.94	0.000529083	0.99947	4.6623e-07	0.999547
1782	-106.858	-109.799	-105.76	-117.269	0.0353189	0.964681	2.70639e-07	0.96972
1783	-51.0901	-50.6883	-73.2524	-97.4593	1	7.63338e-11	6.54899e-23	0.142657
1784	-38.7277	-38.3259	-51.5832	-68.3864	0.999999	8.40614e-07	1.18426e-15	0.142657
1785	-28.7253	-28.3236	-50.2681	-72.7253	1	1.41833e-10	7.00018e-22	0.142657
1786	-55.0446	-54.6428	-71.5149	-96.3424	1	2.26301e-08	1.04388e-20	0.142657
1787	-122.509	-122.107	-134.921	-151.14	0.999999	1.30909e-06	3.30834e-15	0.142658
1788	-75.7364	-75.3346	-95.8276	-115.108	1	6.0559e-10	7.16632e-20	0.142657
1789	-38.4399	-38.0382	-58.5051	-81.9769	1	6.2154e-10	1.11228e-21	0.142657
1790	-76.2954	-75.8936	-90.3065	-106.686	1	2.64686e-07	5.6949e-16	0.142657
1791	-67.5348	-67.133	-84.7092	-104.23	1	1.11929e-08	1.04116e-18	0.142657
1792	-34.5313	-34.1295	-60.7627	-86.4056	1	1.30471e-12	2.66274e-25	0.142657
1793	-53.5811	-53.1794	-72.4567	-91.1212	1	2.04229e-09	4.47336e-19	0.142657
1794	-89.0198	-88.6182	-97.1719	-115.395	0.999907	9.27381e-05	3.15774e-14	0.142736
1795	-67.3155	-66.9139	-74.9468	-87.5696	0.999844	0.000156105	1.43818e-11	0.14279
1796	-49.7213	-49.3195	-74.4437	-98.9307	1	5.90002e-12	3.82547e-24	0.142657
1797	-29.4976	-29.0958	-53.6566	-77.3763	1	1.03639e-11	1.44749e-23	0.142657
1798	-105.201	-104.801	-110.266	-125.519	0.997969	0.00203092	1.34845e-11	0.144398
1799	-42.8217	-42.4199	-55.2467	-73.0111	0.999999	1.29285e-06	6.96557e-16	0.142658
1800	-96.9198	-96.5181	-116.112	-134.795	1	1.4875e-09	3.1991e-19	0.142657
1801	-44.3276	-43.9258	-67.5486	-90.3937	1	2.64812e-11	8.86793e-23	0.142657
1802	-59.4059	-59.0041	-79.7486	-99.9184	1	4.70923e-10	2.2893e-20	0.142657
1803	-72.6312	-72.2294	-91.8176	-110.271	1	1.49664e-09	4.04921e-19	0.142657
1804	-42.6828	-42.2811	-60.5925	-78.3747	1	5.36552e-09	2.83978e-18	0.142657
1805	-65.4194	-65.0176	-88.0849	-110.273	1	4.61474e-11	2.98261e-22	0.142657
1806	-29.8345	-29.4327	-53.5082	-76.738	1	1.68382e-11	3.83818e-23	0.142657
1807	-59.4202	-59.0185	-77.5974	-95.6117	1	4.10594e-09	1.72314e-18	0.142657
1808	-45.0698	-44.668	-69.9418	-93.9854	1	5.0802e-12	5.13195e-24	0.142657
1809	-58.2114	-57.8096	-73.3561	-93.3007	1	8.51982e-08	5.18775e-18	0.142657
1810	-19.6458	-19.2441	-46.3173	-72.373	1	8.40228e-13	1.13493e-25	0.142657
1811	-23.7201	-23.3184	-47.0139	-69.9149	1	2.46219e-11	7.79701e-23	0.142657
1812	-41.8905	-41.4887	-61.559	-81.2795	1	9.24169e-10	7.04152e-20	0.142657
1813	-76.4699	-76.0682	-95.8389	-114.545	1	1.24692e-09	2.61893e-19	0.142657
1814	-48.2668	-47.865	-71.6068	-94.3804	1	2.35085e-11	8.4562e-23	0.142657
1815	-7.4582	-7.05644	-23.3527	-39.6812	1	4.02514e-08	9.11622e-17	0.142657
1816	-30.3673	-29.9656	-47.8918	-65.4988	1	7.88632e-09	4.97371e-18	0.142657
1817	-40.5244	-40.1227	-63.6889	-86.5692	1	2.80191e-11	9.05924e-23	0.142657
1818	-110.357	-109.956	-126.577	-142.688	1	2.90854e-08	8.18571e-17	0.142657
1819	-59.5518	-59.1501	-79.6132	-99.6113	1	6.23903e-10	3.60156e-20	0.142657
1820	-54.0282	-53.6264	-79.3818	-103.037	1	3.13865e-12	4.67482e-24	0.142657
1821	-52.3633	-51.9616	-70.5533	-88.4851	1	4.05372e-09	1.84762e-18	0.142657
1822	-36.3176	-35.9158	-54.3026	-72.3455	1	4.97575e-09	2.02927e-18	0.142657
1823	-22.6438	-22.2421	-46.9915	-71.494	1	8.58263e-12	5.4791e-24	0.142657
1824	-60.1149	-59.7131	-77.0462	-93.9917	1	1.42728e-08	1.74399e-17	0.142657
1825	-21.8591	-21.4574	-40.5525	-59.2281	1	2.45034e-09	5.30829e-19	0.142657
1826	-34.996	-34.5942	-56.5118	-79.0026	1	1.45702e-10	6.95444e-22	0.142657
1827	-48.7215	-48.3197	-71.1767	-94.1382	1	5.69519e-11	1.69767e-22	0.142657
1828	-62.3824	-61.9807	-73.6675	-90.2786	0.999996	4.04229e-06	6.90095e-15	0.14266
1829	-114.307	-113.905	-125.568	-141.341	0.999996	4.14237e-06	1.63521e-14	0.14266
1830	-46.48	-46.0782	-65.6161	-86.8689	1	1.57377e-09	2.5904e-20	0.142657
1831	-49.2875	-48.8857	-68.947	-90.8418	1	9.32538e-10	8.07775e-21	0.142657
1832	-149.118	-149.041	-149.267	-160.599	0.722832	0.277168	9.28561e-08	0.380285
1834	-166.914	-166.579	-168.52	-182.605	0.935384	0.0646159	1.37842e-09	0.198055
1835	-59.5657	-59.164	-76.9128	-96.5972	1	9.41779e-09	7.43884e-19	0.142657
1836	-32.5579	-32.1561	-57.2617	-82.6311	1	6.01119e-12	1.61278e-24	0.142657
1837	-268.593	-317.481	-267.781	-265.175	3.92711e-22	0.725463	0.274537	1.2433
1838	-48.4416	-48.0399	-70.189	-92.6425	1	1.15582e-10	5.72651e-22	0.142657
1840	-158.302	-158.596	-157.859	-172.764	0.498758	0.501242	4.71291e-09	0.572393
1841	-117.255	-125.719	-116.121	-129.123	0.000141057	0.999859	6.30323e-08	0.999879
1842	-68.4596	-68.0578	-82.2166	-103.15	1	3.4125e-07	7.73085e-18	0.142657
1843	-26.4966	-26.0949	-47.8761	-69.3497	1	1.66992e-10	2.204e-21	0.142657
1844	-203.826	-216.676	-202.692	-211.104	1.757e-06	0.999992	6.21048e-06	1
1845	-39.4549	-39.0531	-64.3131	-89.8167	1	5.15082e-12	1.20842e-24	0.142657
1846	-30.1728	-29.771	-51.635	-73.2614	1	1.53724e-10	1.74143e-21	0.142657
1847	-66.1451	-65.7434	-77.6634	-96.9033	0.999997	3.20136e-06	3.94417e-16	0.142659
1848	-96.1302	-95.7285	-113.036	-130.267	1	1.4646e-08	1.34511e-17	0.142657
1849	-39.2682	-38.8665	-59.8123	-82.3661	1	3.8505e-10	1.72556e-21	0.142657
1850	-24.9358	-24.534	-48.907	-73.0043	1	1.25049e-11	1.1972e-23	0.142657
1851	-40.4059	-40.0041	-58.3672	-81.1963	1	5.09533e-09	1.73391e-20	0.142657
1852	-7.4582	-7.05644	-23.3527	-39.6812	1	4.02514e-08	9.11622e-17	0.142657
1853	-32.5964	-32.1946	-56.6242	-84.0434	1	1.18169e-11	4.08233e-25	0.142657
1854	-95.8197	-95.418	-105.914	-124.96	0.999987	1.32987e-05	1.98959e-15	0.142668
1855	-60.0954	-59.6937	-79.4908	-98.3358	1	1.21439e-09	2.22072e-19	0.142657
1856	-55.25	-54.8482	-74.6138	-93.2858	1	1.25332e-09	2.72483e-19	0.142657
1857	-34.6158	-34.214	-60.4927	-85.6586	1	1.85993e-12	6.11631e-25	0.142657
1858	-31.8885	-31.4867	-53.8522	-77.7333	1	9.30997e-11	1.10647e-22	0.142657
1859	-25.0935	-24.6917	-47.2505	-69.5037	1	7.67323e-11	4.64452e-22	0.142657
1860	-22.1847	-21.7829	-45.3894	-68.3374	1	2.69131e-11	8.13175e-23	0.142657
1861	-152.21	-165.682	-151.076	-159.755	9.43096e-07	0.999994	4.75527e-06	1
1862	-67.1002	-66.6985	-83.5946	-100.418	1	2.20922e-08	3.05182e-17	0.142657
1863	-53.1954	-52.7937	-72.4387	-93.6823	1	1.41394e-09	2.34867e-20	0.142657
1864	-128.791	-128.391	-134.45	-150.212	0.998877	0.00112272	4.47822e-12	0.143619
1865	-151.579	-173.869	-150.445	-159.116	1.39631e-10	0.999995	4.79442e-06	1
1866	-18.3543	-17.9525	-42.8185	-67.4492	1	7.63793e-12	4.28972e-24	0.142657
1867	-58.4536	-58.0519	-74.6143	-91.0916	1	3.08449e-08	6.02003e-17	0.142657
1868	-37.8873	-37.4856	-57.9248	-78.0509	1	6.39015e-10	3.24537e-20	0.142657
1869	-23.2778	-22.876	-43.8674	-64.5181	1	3.67895e-10	1.10574e-20	0.142657
1870	-27.7639	-27.3622	-49.8741	-72.0782	1	8.0419e-11	5.11245e-22	0.142657
1871	-45.799	-45.3973	-65.285	-86.1774	1	1.10928e-09	2.61796e-20	0.142657
1872	-39.4784	-39.0767	-59.7559	-83.5206	1	5.02672e-10	6.71167e-22	0.142657
1873	-22.7299	-22.3281	-46.378	-71.0246	1	1.72763e-11	9.54876e-24	0.142657
1874	-95.9143	-95.5125	-110.748	-128.278	1	1.16225e-07	7.92037e-17	0.142657
1875	-162.998	-175.551	-161.864	-173.165	2.36342e-06	0.999997	3.45403e-07	0.999998
1876	-133.74	-146.844	-132.606	-141.384	1.36297e-06	0.999994	4.30786e-06	1
1878	-37.5797	-37.1779	-54.8132	-75.8432	1	1.05503e-08	2.16989e-19	0.142657
1879	-161.677	-178.736	-160.543	-168.958	2.6108e-08	0.999994	6.19218e-06	1.00001
1880	-172.528	-185.381	-171.395	-179.361	1.75177e-06	0.999989	9.69455e-06	1.00001
1881	-45.4758	-45.0741	-61.1472	-81.545	1	5.03152e-08	1.94724e-18	0.142657
1882	-111.851	-111.45	-118.201	-134.108	0.999438	0.000562188	1.94132e-12	0.143139
1883	-21.1574	-20.7556	-43.3487	-66.4166	1	7.41465e-11	1.98711e-22	0.142657
1884	-45.9121	-45.5103	-69.3063	-92.1436	1	2.22687e-11	7.51633e-23	0.142657
1885	-43.482	-43.0802	-65.5342	-87.0965	1	8.52102e-11	1.02926e-21	0.142657
1886	-26.0714	-25.6696	-48.2072	-70.4412	1	7.83816e-11	4.836e-22	0.142657
1887	-37.604	-37.2022	-59.5845	-81.6548	1	9.15456e-11	6.65328e-22	0.142657
1888	-93.8353	-93.4336	-102.051	-113.908	0.999913	8.70171e-05	1.725e-11	0.142731
1889	-39.8599	-39.4582	-64.938	-89.274	1	4.13448e-12	3.11762e-24	0.142657
1890	-33.304	-32.9022	-53.6852	-74.2042	1	4.53136e-10	1.55369e-20	0.142657
1891	-40.9771	-40.5754	-57.3987	-79.224	1	2.37618e-08	2.20633e-19	0.142657
1892	-136.999	-160.251	-135.867	-138.61	5.33418e-11	0.998205	0.00179531	1.00159
1893	-31.4083	-31.0065	-51.6086	-74.0184	1	5.42983e-10	2.81013e-21	0.142657
1894	-124.702	-126.269	-123.719	-137.473	0.139713	0.860287	2.55782e-08	0.880218
1895	-214.97	-236.613	-213.836	-219.379	2.66614e-10	0.999891	0.000109429	1.0001
1898	-201.096	-217.636	-199.962	-206.294	4.38794e-08	0.99995	4.97051e-05	1.00004
1899	-134.335	-140.091	-133.204	-145.066	0.00211709	0.997883	1.968e-07	0.998185
1901	-69.4172	-69.0154	-94.293	-118.653	1	5.06101e-12	3.72514e-24	0.142657
1902	-109.405	-109.003	-124.626	-141.754	1	7.89335e-08	8.03469e-17	0.142657
1903	-108.914	-108.528	-111.966	-128.037	0.984776	0.0152238	4.45753e-11	0.155709
1904	-42.1028	-41.701	-65.003	-88.9596	1	3.64935e-11	4.02174e-23	0.142657
1905	-176.131	-200.686	-174.997	-181.023	1.44956e-11	0.999933	6.74889e-05	1.00006
1906	-91.8461	-92.2595	-91.297	-106.705	0.442591	0.557409	3.16907e-09	0.620547
1907	-133.977	-133.576	-147.093	-163.173	0.999999	6.47901e-07	1.88128e-15	0.142657
1908	-82.7678	-82.3676	-88.0746	-104.576	0.998404	0.00159563	3.04048e-12	0.144025
1909	-90.1908	-89.7935	-94.4745	-110.847	0.995561	0.00443915	9.61909e-12	0.146462
1910	-29.7141	-29.3123	-49.0047	-71.7713	1	1.34858e-09	4.88464e-21	0.142657
1911	-74.5057	-74.1045	-80.8969	-95.1177	0.99946	0.000539512	1.0056e-11	0.143119
1912	-99.8161	-100.324	-99.1979	-109.407	0.40277	0.59723	6.14911e-07	0.654689
1913	-70.7423	-70.3406	-82.8887	-102.307	0.999998	1.70837e-06	1.76102e-16	0.142658
1914	-110.719	-115.992	-109.589	-121.843	0.00343141	0.996568	1.32666e-07	0.997058
1915	-68.4677	-68.0661	-76.0765	-94.3101	0.99984	0.000159666	5.38092e-14	0.142793
1916	-80.8278	-80.426	-95.2873	-113.954	1	1.69037e-07	3.69602e-17	0.142657
1919	-110.662	-110.26	-119.43	-133.255	0.99995	5.01129e-05	1.38662e-12	0.1427
1926	-88.5555	-88.1607	-92.3928	-103.923	0.993063	0.0069365	1.90624e-09	0.148604
1943	-57.9234	-57.5578	-60.1264	-69.6662	0.964444	0.0355555	7.14896e-08	0.17314
2184	-66.7419	-66.3402	-79.3225	-100.483	0.999999	1.10664e-06	1.99822e-17	0.142658
2185	-144.637	-172.577	-143.503	-148.362	4.90915e-13	0.999783	0.000216903	1.00019
2186	-73.4798	-73.078	-85.0843	-101.884	0.999997	2.93689e-06	4.15257e-15	0.142659
2187	-155.291	-160.641	-154.161	-163.789	0.00317787	0.99682	1.83483e-06	0.997277
2188	-110.483	-110.082	-127.142	-143.51	1	1.87424e-08	4.08055e-17	0.142657
2189	-91.1581	-90.7563	-113.509	-136.501	1	6.32117e-11	1.82764e-22	0.142657
2190	-65.8739	-65.4722	-88.3974	-110.544	1	5.31904e-11	3.58085e-22	0.142657
2191	-110.495	-110.094	-123.285	-141.525	0.999999	8.98173e-07	3.0073e-16	0.142657
2192	-107.875	-107.504	-110.226	-126.948	0.969358	0.0306424	4.68466e-11	0.168928
2193	-51.7462	-51.3445	-69.6687	-87.9604	1	5.29696e-09	1.6845e-18	0.142657
2194	-31.2802	-30.8784	-57.2641	-82.6381	1	1.67113e-12	4.46279e-25	0.142657
2195	-21.2464	-20.8446	-48.8703	-75.8158	1	3.2415e-13	1.79838e-26	0.142657
2196	-19.257	-18.8552	-47.0877	-74.1964	1	2.63612e-13	1.24225e-26	0.142657
2197	-97.3419	-96.9401	-117.191	-136.293	1	7.71524e-10	1.0909e-19	0.142657
2198	-57.878	-57.4763	-77.951	-97.9684	1	6.16715e-10	3.4917e-20	0.142657
2199	-44.1745	-43.7728	-68.1652	-91.5636	1	1.22648e-11	2.36195e-23	0.142657
2200	-41.016	-40.6142	-62.6385	-84.0173	1	1.30953e-10	1.90038e-21	0.142657
2201	-102.706	-102.304	-117.558	-132.087	1	1.14142e-07	1.56355e-15	0.142657
2202	-42.9453	-42.5435	-64.6147	-86.4014	1	1.24956e-10	1.2059e-21	0.142657
2203	-31.0027	-30.6009	-45.9868	-63.5783	1	1.00032e-07	6.40736e-17	0.142657
2204	-103.17	-102.768	-116.305	-135.842	0.999999	6.35603e-07	5.81976e-17	0.142657
2205	-24.0104	-23.6086	-40.4081	-58.1227	1	2.43353e-08	1.37819e-17	0.142657
2206	-51.6815	-51.2798	-68.5251	-88.949	1	1.5582e-08	5.87546e-19	0.142657
2207	-128.757	-128.356	-141.558	-160.581	0.999999	8.88343e-07	1.35864e-16	0.142657
2208	-59.0993	-58.6976	-72.5903	-92.1606	1	4.45281e-07	3.94222e-17	0.142657
2210	-67.9716	-67.5698	-88.2964	-110.777	1	4.79405e-10	2.3128e-21	0.142657
2212	-67.204	-66.8022	-85.0422	-102.247	1	5.7628e-09	5.43083e-18	0.142657
2213	-66.2636	-65.8619	-75.7885	-90.7009	0.999977	2.34993e-05	2.19335e-13	0.142677
2214	-65.5798	-65.178	-81.2312	-97.7941	1	5.13261e-08	9.19536e-17	0.142657
2215	-43.6509	-43.2492	-67.8812	-90.4403	1	9.65144e-12	4.30244e-23	0.142657
2216	-128.149	-127.747	-143.243	-161.633	1	8.96547e-08	2.58216e-17	0.142657
2217	-37.5553	-37.1535	-54.9216	-72.4441	1	9.23822e-09	6.33961e-18	0.142657
2218	-212.954	-219.767	-211.821	-222.285	0.000735675	0.999264	7.97227e-07	0.99937
2219	-59.1785	-58.7767	-71.9553	-89.9681	0.999999	9.09425e-07	3.82211e-16	0.142657
2220	-80.1547	-79.7529	-90.0962	-105.394	0.999985	1.54924e-05	9.83559e-14	0.14267
2221	-154.894	-156.43	-153.916	-165.339	0.144036	0.855964	2.61959e-07	0.876512
2222	-51.7928	-51.391	-72.4955	-96.4635	1	3.28539e-10	3.57975e-22	0.142657
2223	-103.794	-103.392	-114.176	-128.337	0.99999	9.97523e-06	1.97241e-13	0.142665
2224	-133.718	-144.671	-132.585	-143.603	1.17116e-05	0.999988	4.58467e-07	0.99999
2225	-155.083	-178.385	-153.95	-161.496	5.0772e-11	0.999985	1.47637e-05	1.00001
2226	-147.965	-147.614	-149.831	-163.879	0.95021	0.04979	1.10361e-09	0.185344
2227	-42.9931	-42.5914	-53.9149	-69.0327	0.999994	5.81324e-06	4.41821e-14	0.142662
