sites	dS	dN
0	14.4675	2.79523
1	12.9264	2.3712
2	14.9264	9.05811
3	33.5092	8.50916
4	20.7665	7.52467
5	12.3223	0.526224
6	11.2026	3.89365
7	13.6738	0.102674
8	18.5266	0.600574
9	9.17578	0.634948
10	16.5657	0.157565
11	9.43892	1.25089
12	7.71668	0.152302
13	38.0248	4.60922
14	12.3804	0.109963
15	17.8136	0.842134
16	3.21099	1.66981
17	2.68445	1.87598
18	17.8679	0.154676
19	9.30083	0.537513
20	15.0707	7.39265
21	11.3307	0.0874314
22	8.86389	0.121942
23	12.8251	1.23843
24	13.8627	8.86064
25	12.2778	0.0887289
26	154.138	8.52318
27	22.2355	2.6166
28	7.52657	2.5856
29	17.385	12.4692
30	12.9518	1.14632
31	25.3397	0.116989
32	14.3823	0.168274
33	5.81806	4.18296
34	14.7951	0.154361
35	23.1115	0.110645
36	6.84186	0.125468
37	11.3715	1.24264
38	5.65414	2.97261
39	14.5881	1.9193
40	16.9453	0.0939618
41	13.4575	0.122079
42	11.0917	0.537184
43	214.888	0.468525
44	14.4961	0.158966
45	42.9533	0.108879
46	15.6543	0.121754
47	14.7648	0.116834
48	11.2851	0.119973
49	16.8286	0.0886013
50	14.6704	0.125073
51	18.2001	0.112149
52	11.745	0.0967383
53	16.001	1.36609
54	15.3015	2.76733
55	16.3984	0.161794
56	15.7059	0.108478
57	14.6756	0.128571
58	17.5581	0.154552
59	13.5398	1.91797
60	18.6162	0.147717
61	11.1438	0.154076
62	12.3665	0.145555
63	176.767	0.283101
64	18.179	3.14542
65	6.58088	0.156486
66	32.8571	0.112448
67	22.8703	0.12559
68	15.2219	0.0931939
69	14.6376	1.82729
70	12.1921	0.126068
71	2.31123	0.101919
72	23.0414	0.654562
73	20.3887	0.120022
74	11.2675	0.13528
75	17.8224	0.12185
76	8.55485	0.224275
77	17.5328	0.0973178
78	9.07417	0.102526
79	10.2382	0.101255
80	16.9982	0.121935
81	5.07175	2.17655
82	4.28559	0.448567
83	16.0826	0.127893
84	7.96681	4.22944
85	5.92937	1.32749
86	13.6362	0.537736
87	4.78488	0.216813
88	9.63821	0.146343
89	19.0897	9.07276
90	3.26776	0.0854816
91	13.1672	4.93655
92	14.4772	2.28502
93	15.2458	0.160521
94	9.58137	0.128815
95	21.2432	0.0973547
96	15.0444	0.896501
97	9.27923	0.120482
98	17.1111	0.130054
99	4.02293	2.98487
100	12.1092	0.851348
101	26.1899	0.0888807
102	20.3238	0.0822232
103	4.53219	1.76369
104	4.55301	0.117883
105	8.41995	5.38854
106	20.7915	1.59354
107	13.6573	0.0937315
108	2.14589	0.0657671
109	7.51809	2.97436
110	14.496	1.23861
111	13.5438	3.8137
112	14.3272	3.56531
113	10.0782	4.59157
114	5.91096	2.07908
115	13.3469	4.26858
116	41.8668	29.5582
117	11.9286	0.0785249
118	11.6664	5.45078
119	18.9431	4.19557
120	18.7833	2.10263
121	12.2371	5.99965
122	22.7396	6.88928
123	19.6569	2.28918
124	33.6007	5.15388
125	12.4293	0.0834105
126	25.8923	5.41897
127	8.84946	3.52247
128	11.6422	0.0784894
129	17.4376	1.38335
130	313.055	7.63504
131	39.7097	0.520067
132	10.7448	0.496103
133	1.77675	0.400411
134	17.0592	0.632313
135	15.8566	3.90067
136	15.823	0.0862374
137	5.94153	0.0768176
138	9.20747	0.438704
139	8.15553	1.12076
140	18.5184	0.0587772
141	18.2429	0.0870246
142	13.6299	3.27485
143	9.85004	1.1646
144	14.4248	0.083197
145	17.2411	0.502598
146	12.6417	4.18551
147	15.1316	0.0749078
148	9.08973	1.66829
149	19.6945	3.48617
150	25.0804	6.62868
151	22.384	8.60169
152	12.0135	3.19778
153	6.74123	2.69278
154	7.46587	1.23804
155	9.96515	3.38504
156	20.0783	8.08566
157	13.9538	0.0868055
158	4.63111	0.780837
159	8.93455	2.75892
160	14.2384	1.73851
161	11.493	0.0771069
162	23.7436	3.94055
163	15.0208	5.91178
164	20.4487	8.13822
165	15.8309	9.08452
166	17.7792	8.23019
167	27.9262	9.61034
168	16.9383	5.1951
169	19.9007	11.1749
170	15.7052	3.54654
171	16.039	8.50724
172	21.8781	16.1413
173	9.53997	0.615961
174	13.4307	6.34454
175	7.40473	2.20922
176	32.6441	9.29353
177	30.3859	5.03443
178	26.7829	9.71374
179	15.6534	13.2407
180	23.6763	8.60263
181	27.3547	6.56804
182	15.3796	1.82517
183	10.6421	2.77887
184	34.705	7.42543
185	20.017	16.9778
186	10.1413	7.48099
187	13.923	0.948402
188	12.3289	11.0015
189	19.7142	8.44796
190	26.6991	3.93433
191	18.6163	4.1179
192	19.8822	0.0949728
193	7.15433	3.76123
194	14.7987	2.68124
195	13.8912	2.14677
196	23.9087	10.0726
197	23.6463	5.83066
198	13.5018	5.57649
199	16.9815	4.19059
200	17.8789	5.43907
201	12.8776	3.1541
202	21.5633	4.96902
203	11.3695	8.17904
204	6.82816	7.6647
205	7.43825	2.10749
206	17.3298	1.35051
207	7.0015	5.39709
208	30.8775	18.2345
209	29.6073	1.53552
210	11.8813	1.24473
211	12.8201	3.17869
212	13.3318	4.10229
213	11.2903	2.40698
214	6.65422	3.35171
215	10.7226	7.7802
216	22.2637	6.13397
217	17.9276	8.65931
218	19.5105	8.08051
219	18.702	5.6862
220	14.6588	2.85553
221	22.0916	3.91994
222	25.7498	12.383
223	15.3782	12.7198
224	32.2724	8.38817
225	9.24388	6.55183
226	11.9099	2.96071
227	17.9011	10.7158
228	16.9692	2.92968
229	18.5858	1.71436
230	10.0349	4.8453
231	23.9861	9.4271
232	18.785	2.43352
233	14.6759	7.40963
234	20.4481	2.65004
235	25.1973	1.10996
236	9.72533	7.2445
237	11.342	6.64546
238	15.9292	10.1346
239	14.2295	13.3064
240	13.9177	7.00925
241	25.894	6.83239
242	13.3178	6.17054
243	10.8213	8.56789
244	17.1387	11.1529
245	12.4815	8.04995
246	12.8012	7.69323
247	13.7453	8.52929
248	15.7346	12.9004
249	27.9492	15.595
250	18.1912	7.14489
251	22.5316	13.269
252	12.8499	6.93608
253	20.6978	12.0493
254	14.0949	8.81407
255	18.8538	8.4056
256	21.7703	11.1285
257	17.6192	13.5115
258	16.3918	9.48252
259	22.5599	15.9212
260	15.9278	6.57595
261	27.823	10.7611
262	7.31532	4.76979
263	13.8041	8.92391
264	17.7517	9.70238
265	19.782	6.17823
266	13.7262	3.39071
267	14.5863	5.6473
268	14.144	0.76903
269	16.8021	11.3804
270	18.7772	7.4169
271	12.7952	1.40679
272	26.1945	11.1231
273	19.787	8.62492
274	15.3532	4.82015
275	11.0773	0.25601
276	14.2814	2.76711
277	17.7191	3.90748
278	10.4147	0.858661
279	9.39664	6.11
280	18.7786	11.3857
281	17.8042	2.46644
282	21.8821	0.305131
283	11.4298	7.11073
284	11.6205	3.1109
285	22.7756	0.616182
286	13.971	0.995218
287	22.6541	3.08763
288	8.99909	1.63107
289	19.783	10.9676
290	17.9179	2.33048
291	6.6739	12.0659
292	10.8933	1.92859
293	17.9376	0.601204
294	22.2587	14.0637
295	18.6116	9.72009
296	18.9268	5.95721
297	27.0261	1.84496
298	13.2052	1.49345
299	21.8869	1.9731
300	28.241	8.22409
301	21.2837	10.9104
302	12.4628	1.96915
303	21.4067	3.91667
304	13.4444	4.81803
305	11.5599	1.47346
306	13.7618	9.75703
307	13.6727	4.06247
308	14.2527	4.37064
309	11.6404	0.198603
310	17.063	11.507
311	21.8883	19.472
312	6.91505	6.44538
313	28.111	0.233989
314	14.2773	7.74919
315	17.5857	2.35588
316	38.5079	5.80732
317	14.8074	4.23034
318	15.2005	4.25719
319	13.731	6.89214
320	19.5636	11.0472
321	11.4396	5.82203
322	22.8403	6.41271
323	13.289	7.48292
324	17.7715	4.37109
325	16.3229	6.57302
326	20.0465	2.19642
327	17.5951	0.654422
328	23.737	7.65888
329	20.3916	5.72282
330	22.9171	9.09944
331	22.3113	2.24809
332	24.4037	14.1483
333	17.347	7.76703
334	23.4898	4.68863
335	10.2083	7.20992
336	9.56026	18.9452
337	15.626	20.1523
338	24.8377	11.1983
339	21.0462	5.4554
340	21.4537	0.120131
341	22.2103	2.61462
342	9.58156	9.00121
343	19.9191	4.56507
344	12.7282	1.27625
345	23.2069	4.02358
346	18.012	3.32814
347	16.0962	0.126008
348	7.43073	3.4185
349	24.4756	7.84187
350	26.0668	4.85017
351	10.991	0.751589
352	22.5838	7.34894
353	11.8526	7.21174
354	7.07142	0.693149
355	18.5903	1.29887
356	18.6283	6.76371
357	12.3706	5.12208
358	18.1544	0.669208
359	15.1669	1.36343
360	16.1605	5.20246
361	15.6963	2.73883
362	8.65825	2.401
363	18.1219	6.59383
364	7.23523	1.62969
365	12.5167	4.40547
366	8.18488	4.42562
367	6.41029	2.25019
368	34.8606	5.85864
369	10.4201	2.60678
370	32.8201	6.885
371	12.6061	5.1195
372	12.0991	0.686641
373	9.06926	0.489806
374	23.445	2.6921
375	6.76618	2.66972
376	13.9406	6.0237
377	13.0002	6.90753
378	17.5701	3.36408
379	13.8	0.994808
380	18.0681	6.65446
381	15.1595	8.90847
382	5.34884	1.14812
383	19.1026	7.09268
384	10.8945	0.520205
385	16.7743	5.48858
386	13.9842	0.0948505
387	20.356	5.89013
388	4.62255	1.10657
389	16.0088	2.7196
390	16.7048	1.38992
391	16.6924	5.09924
392	27.4348	18.3159
393	16.7407	1.50262
394	9.53603	1.03594
395	11.9219	12.4003
396	21.3856	6.8216
397	15.4579	9.28104
398	11.1029	4.10837
399	36.4788	8.60518
400	25.8375	12.1816
401	18.3311	3.00937
402	13.7113	4.65554
403	20.9577	1.89091
404	17.667	10.7947
405	13.7137	4.97545
406	6.74873	3.06216
407	9.11013	3.69054
408	27.4963	10.1424
409	4.49792	2.12641
410	14.1848	2.50381
411	8.09284	4.12584
412	13.8434	4.83803
413	14.0519	0.501974
414	14.583	0.808339
415	2.08696	2.7082
416	23.5887	10.6219
417	18.731	3.24969
418	26.9275	18.0052
419	24.5873	6.19935
420	13.0015	3.82399
421	13.5413	0.0906839
422	17.2922	3.81036
423	19.5482	3.08293
424	18.9675	0.0812262
425	17.5711	0.087102
426	4.88083	5.6507
427	10.5318	0.0908215
428	11.1485	0.0854363
429	10.975	3.71868
430	13.4406	2.96438
431	11.7988	0.646245
432	10.6887	0.0668166
433	15.0899	4.38863
434	27.6682	1.50177
435	32.884	0.0571881
436	19.7815	2.64651
437	25.5897	3.56382
438	13.2309	0.0784981
439	14.392	0.717518
440	4.58664	4.2913
441	14.667	0.648374
442	11.1011	0.0856076
443	21.2818	5.69374
444	10.199	3.33857
445	7.54698	0.436106
446	8.31256	7.51095
447	4.72509	1.66811
448	21.7398	0.0792281
449	9.06415	1.27048
450	7.54782	2.6779
451	21.1417	0.924136
452	8.61288	0.0763342
453	14.3712	1.85839
454	27.769	3.365
455	11.4034	2.13627
456	19.8702	1.66677
457	53.2755	0.722817
458	13.0239	0.50943
459	22.6949	3.69883
460	12.6222	0.47045
461	19.8706	0.518431
462	17.0675	5.27654
463	7.47621	2.56939
464	19.6195	9.64041
465	7.00321	5.12771
466	20.33	0.102054
467	6.85012	1.29791
468	14.924	0.937523
469	20.9747	0.894071
470	29.1507	9.72643
471	15.8218	2.14349
472	14.4572	0.519775
473	6.34245	12.3169
474	24.49	6.3992
475	9.56606	1.21836
476	14.3562	7.43248
477	20.8679	2.77823
478	17.2354	2.29062
479	23.48	11.1956
480	13.4351	6.89119
481	17.1664	6.49311
482	10.3832	5.99136
483	13.416	5.52473
484	18.263	7.17618
485	14.3789	7.58669
486	18.0114	7.62669
487	13.4416	1.30961
488	9.52981	3.38693
489	11.7708	8.2061
490	31.0517	7.11271
491	14.7702	11.9259
492	18.4434	0.954197
493	13.7258	4.61277
494	26.8383	7.80074
495	11.0757	5.02921
496	23.5064	0.10882
497	12.4453	6.37241
498	10.8305	4.47773
499	18.1541	6.20434
500	8.10008	1.36993
501	14.2636	11.2966
502	9.11063	7.04602
503	15.765	1.12511
504	6.75285	5.90886
505	13.2362	2.96118
506	8.25257	5.88864
507	37.8471	2.48228
508	13.5495	7.19564
509	8.59004	5.57291
510	18.9612	2.61159
511	23.7988	13.5078
512	13.4736	9.69249
513	26.6271	3.46269
514	16.4418	6.62175
515	11.5435	6.48518
516	36.22	9.89188
517	13.7891	6.9497
518	19.8997	7.05817
519	9.8999	7.14232
520	15.5584	2.78838
521	7.25092	4.08417
522	20.0545	1.65177
523	11.6237	8.28799
524	16.1102	3.13524
525	21.2871	9.05087
526	21.0587	3.33015
527	15.6983	0.910552
528	12.8513	3.31886
529	10.4437	8.82386
530	8.66233	3.9333
531	26.5054	6.51176
532	7.26468	1.88795
533	9.49614	0.961784
534	15.039	3.94157
535	10.2786	3.59351
536	19.0921	4.75054
537	20.4764	1.4392
538	21.3401	9.13855
539	9.76984	5.48972
540	14.4216	1.54724
541	13.2711	3.02341
542	18.4614	10.8674
543	14.0136	6.3223
544	18.278	12.0692
545	6.62664	1.67219
546	9.05508	2.10555
547	25.4584	7.74581
548	6.76187	1.10563
549	6.12811	2.63108
550	13.7666	2.73798
551	12.2858	1.23958
552	36.2271	8.88792
553	6.25519	4.72808
554	22.4067	7.27226
555	14.3912	0.499993
556	23.835	9.02269
557	12.978	7.96732
558	13.1871	0.0795959
559	13.7851	8.51979
560	13.9732	0.491946
561	11.2456	1.62138
562	12.0877	4.76651
563	10.7169	6.34282
564	34.121	0.0886078
565	10.3977	1.34441
566	8.38064	2.26614
567	24.5511	1.89238
568	8.6423	0.0767805
569	19.4567	2.67216
570	30.9758	0.081745
571	11.345	0.0660594
572	33.9024	1.79561
573	13.7143	1.1792
574	11.6645	1.6868
575	9.1281	0.0954351
576	14.8812	2.94909
577	21.7132	1.43073
578	13.2081	2.41223
579	37.464	2.74813
580	21.2082	2.95387
581	14.2833	3.39308
582	16.7209	0.086898
583	12.4762	2.26189
584	9.98131	2.27021
585	8.79532	5.81482
586	7.80304	4.50653
587	35.4175	4.59458
588	10.6653	3.46877
589	29.4386	10.9774
590	18.9216	3.90066
591	15.354	5.61834
592	17.3895	6.00652
593	28.3529	20.9031
594	17.8583	4.30209
595	9.80842	4.19815
596	14.4568	9.27915
597	22.295	7.20685
598	15.8646	11.6824
599	28.0786	8.24445
600	26.835	7.77682
601	17.4156	8.97875
602	15.9981	8.42486
603	23.2064	2.22086
604	13.9093	8.49121
605	12.8428	7.90105
606	12.7451	1.92548
607	13.0129	8.9831
608	13.4237	2.43994
609	23.5838	2.95628
610	39.8775	7.0506
611	27.1276	3.85417
612	11.6609	0.139895
613	19.8252	3.85452
614	18.9269	3.30044
615	11.4205	1.29123
616	11.6305	1.63957
617	8.60518	2.19625
618	11.7058	1.60379
619	16.922	11.4998
620	10.3249	0.836681
621	8.57124	1.51866
622	29.3329	3.16941
623	14.5951	1.52494
624	31.9995	5.57286
625	25.2081	0.903738
626	9.6022	1.29745
627	32.4398	1.54483
628	8.59945	1.68852
629	11.9046	3.549
630	15.2743	4.44925
631	15.5125	2.84978
632	58.4262	0.710338
633	21.458	10.1877
634	7.37387	2.88649
635	26.644	1.9887
636	33.1768	6.79394
637	13.3049	0.0897694
638	16.6608	1.44339
639	21.0649	11.9253
640	22.3252	6.81141
641	16.3474	2.14195
642	19.9177	9.31558
643	15.8745	2.25528
644	18.9638	0.206325
645	15.8634	14.7912
646	40.2435	4.13057
647	11.1478	6.16668
648	12.5953	7.60407
649	8.74264	2.52654
650	16.9413	10.3876
651	12.7805	3.49496
652	29.827	10.7783
653	24.2924	3.27832
654	9.68077	1.38567
655	22.7156	7.8115
656	20.509	4.30587
657	11.5169	11.0533
658	12.0593	0.0900266
659	25.0923	5.46592
660	15.7816	13.5446
661	20.0364	5.53936
662	8.74587	3.14567
663	17.5234	5.26785
664	23.9049	10.0998
665	7.46159	0.0902023
666	13.3835	4.40868
667	15.8838	15.1895
668	19.1801	2.63032
669	10.1482	3.43412
670	15.5217	4.97077
671	11.0701	8.14881
672	17.6829	1.41573
673	10.9409	5.06219
674	10.4355	1.40694
675	11.286	3.43557
676	10.9362	1.20986
677	13.1316	8.07747
678	20.8381	10.9308
679	19.7658	0.948422
680	15.6409	2.62753
681	21.41	5.48672
682	15.3862	9.77601
683	18.2922	0.956684
684	10.3495	14.1884
685	24.9208	9.73361
686	10.1783	4.75977
687	6.98395	0.722089
688	8.30666	0.789323
689	13.5084	4.45183
690	7.60556	1.77492
691	27.0957	1.50875
692	11.8712	2.15358
693	9.32975	2.65316
694	12.2623	12.6465
695	8.59677	3.03396
696	6.80045	1.11292
697	8.1574	3.03801
698	19.0705	2.2648
699	14.44	6.32511
700	11.4945	2.10192
701	14.2982	11.3286
702	14.028	4.64031
703	16.2705	8.84246
704	10.5272	1.63342
705	11.2814	1.33593
706	23.5462	3.35336
707	13.8616	4.37525
708	12.1589	2.70202
709	8.89455	0.922197
710	12.7968	0.912496
711	1.28921	0.054481
712	18.6319	0.632581
713	10.1177	2.21346
714	16.3505	0.0931444
715	19.5845	4.18177
716	18.0918	0.0900011
717	9.24095	1.8242
718	3.50385	1.676
719	8.72456	1.90148
720	16.0628	5.06727
721	14.0365	0.599441
722	11.0009	6.84457
723	16.0301	8.18222
724	21.8286	2.47758
725	2.18491	0.0909705
726	12.1337	9.19691
727	8.66107	3.06832
728	19.7252	10.9402
729	15.3784	1.91484
730	15.6847	0.940604
731	21.202	3.88565
732	11.3402	10.4589
733	8.54407	6.27221
734	12.1983	0.564124
735	24.7672	5.07387
736	12.904	5.2477
737	13.9441	0.617027
738	23.0332	0.711597
739	12.4181	3.6487
740	28.1802	4.14854
741	13.5036	13.3666
742	11.6059	5.2158
743	11.6368	13.9275
744	9.27511	6.18342
745	14.6338	0.0824887
746	12.8076	7.44115
747	25.4454	5.58783
748	22.0583	6.67034
749	10.3062	6.93838
750	18.0147	1.75775
751	19.9332	3.68062
752	15.0272	6.93007
753	15.0705	10.7852
754	10.0357	7.56099
755	6.42848	0.651246
756	2.16854	3.74684
757	21.4069	1.28745
758	16.3865	8.52497
759	14.5437	7.02959
760	18.2609	5.47776
761	24.2117	4.58745
762	10.5988	7.33378
763	17.5608	11.2751
764	4.53061	2.52016
765	16.0656	3.25653
766	8.51966	0.0763941
767	11.7607	5.52101
768	28.3606	11.927
769	12.1885	4.66997
770	17.5454	7.57343
771	9.19373	10.4602
772	24.5988	12.6677
773	15.5747	0.0703419
774	21.9259	11.4868
775	9.14739	2.11857
776	8.08796	3.09667
777	6.02043	1.85597
778	23.6995	2.36225
779	15.3684	8.53201
780	14.4193	12.7646
781	8.47989	6.37639
782	8.21289	12.0631
783	10.7609	0.502101
784	37.1754	2.9435
785	10.8395	5.97689
786	13.6858	0.0812825
787	23.0895	8.88612
788	24.5972	6.09213
789	8.09341	4.13746
790	11.7523	0.0815052
791	27.496	7.61596
792	21.7622	13.1131
793	17.36	8.28303
794	16.9249	0.743637
795	13.1949	6.72811
796	8.88436	0.0984931
797	14.0301	2.39978
798	10.3395	1.15956
799	9.48295	4.5489
800	13.5421	1.27496
801	14.6028	0.0669109
802	12.9394	7.85084
803	17.8184	6.31287
804	9.06151	1.66928
805	22.2207	10.5566
806	10.649	16.5727
807	12.052	7.90777
808	6.00441	7.39652
809	20.9287	1.46995
810	23.2981	2.39129
811	12.0436	5.2798
812	23.3008	6.48876
813	19.4014	8.92624
814	10.1148	7.04133
815	14.5499	0.911635
816	13.8166	2.33576
817	11.6074	5.21721
818	7.00216	1.32534
819	24.4254	6.90133
820	13.0215	8.6976
821	9.6539	10.57
822	16.3874	1.18852
823	15.6978	1.34237
824	20.2214	6.7987
825	14.8391	6.53021
826	19.6207	0.831315
827	9.13764	1.66698
828	8.93072	0.525851
829	4.08591	2.41778
830	29.8631	1.9254
831	15.0565	0.104719
832	8.01071	1.23555
833	12.1932	1.25003
834	23.5161	1.0676
835	15.7052	0.0873638
836	9.03168	0.0801029
837	14.0125	3.27306
838	13.0474	2.65914
839	7.06598	0.573778
840	11.1121	0.0892047
841	23.1325	3.81356
842	8.25505	2.00365
843	22.6973	0.0903022
844	22.5146	0.0811979
845	25.8202	0.0743479
846	16.1918	0.112533
847	7.88733	0.0770618
848	36.8198	0.0928153
849	14.6393	0.083601
850	10.9342	0.0764101
851	11.4931	0.0976516
852	10.9439	1.73706
853	6.93991	0.0913023
854	10.8091	0.0923924
855	12.0121	0.0618451
856	11.591	0.101603
857	12.3534	0.0918493
858	0.883648	0.0500879
859	13.5827	0.0667841
860	18.6518	0.0878071
861	29.3612	0.0724724
862	21.2355	0.0671808
863	12.2495	0.142667
864	9.85251	0.0807986
865	12.1213	0.0643755
866	12.9799	0.0586786
867	32.7461	0.069928
868	7.38392	0.0718279
869	11.0204	0.501792
870	10.7358	0.50855
871	12.9392	2.21824
872	20.0953	2.43267
873	12.8109	0.952536
874	14.7136	0.918513
875	33.1556	4.87399
876	31.9229	5.0108
877	12.9529	1.01156
878	11.4029	0.446359
879	30.6481	16.2582
880	19.7639	0.506876
881	24.2256	5.30982
882	10.9286	6.56429
883	8.63829	2.36187
884	13.4137	0.0678703
885	40.5134	8.70168
886	11.5767	0.442764
887	16.6693	0.0643231
888	12.6028	2.57901
889	23.6074	0.672754
890	9.0915	0.889926
891	19.6608	0.0591226
892	8.44739	1.49778
893	0.883648	0.0500879
894	43.0561	1.14107
895	18.2844	3.10794
896	13.2049	0.0954236
897	12.2176	0.101155
898	13.1853	0.090841
899	6.53522	0.832114
900	11.4482	0.0683467
901	4.68549	0.0932475
902	36.1866	8.55542
903	31.3856	0.050649
904	10.8904	0.89935
905	22.975	3.69358
906	14.1618	9.25994
907	5.31285	0.0579287
908	28.1218	0.0506748
909	22.3323	0.0687356
910	8.4552	0.0719681
911	15.2731	0.068308
912	20.518	0.517449
913	7.15001	1.14493
914	6.11819	0.451614
915	55.9617	1.1559
916	22.8859	7.76402
917	9.68665	8.63662
918	8.4831	1.39358
919	14.0363	8.50018
920	30.8912	8.7167
921	1.73275	1.67668
922	29.2179	3.4181
923	4.40289	0.490326
924	21.5703	0.0907724
925	8.25561	0.104208
926	11.6316	0.068136
927	24.3493	0.068464
928	18.1458	2.31987
929	5.4522	0.504552
930	20.8501	0.0664503
931	5.31898	1.73506
932	15.1396	11.0066
933	6.65968	0.892487
934	21.1732	6.01321
935	45.1608	10.5089
936	23.3823	9.85848
937	14.866	6.34406
938	20.5962	0.0845389
939	20.5164	1.22509
940	23.3243	4.35855
941	16.0412	0.537049
942	16.4766	10.457
943	11.1096	5.00015
944	35.9953	1.53583
945	5.92269	3.71053
946	9.84656	4.18604
947	2.2889	1.24841
948	18.5921	3.36071
949	14.9257	5.73312
950	14.8995	2.54766
951	8.47233	6.31779
952	11.3918	3.29328
953	16.2204	1.93516
954	26.1298	2.74071
955	9.64408	4.33007
956	3.58725	4.4739
957	11.0056	2.61376
958	10.4056	11.3149
959	15.2801	2.14245
960	22.45	7.32235
961	20.5038	0.0814128
962	46.0133	0.496209
963	28.9102	0.0797267
964	19.8106	2.36642
965	11.3671	4.75461
966	282.083	0.166051
967	13.1021	0.0923316
968	5.91352	0.0991332
969	3.7558	0.101139
970	21.6548	0.112289
971	20.4557	0.0687272
972	18.5989	0.0912053
973	18.7235	0.0790964
974	26.277	0.107045
975	29.805	0.065372
976	7.14397	1.12813
977	33.029	2.34534
978	6.82541	0.615497
979	16.6046	1.41011
980	32.2516	2.37438
981	7.12743	2.09548
982	17.3122	0.942525
983	11.6736	0.105179
984	14.6625	2.50747
985	12.5983	0.704958
986	8.10901	0.142984
987	23.7532	1.63004
988	10.9052	0.0578141
989	30.217	7.42414
990	16.0227	2.12292
991	15.1923	2.63599
992	24.4094	6.73855
993	15.5363	1.15987
994	17.6226	2.11843
995	24.1277	7.47245
996	14.0888	10.1866
997	22.5311	4.90355
998	4.00169	1.96779
